0.28273
-0.442398
-0.335522
0.243634
0.578876
0.556937
0.563648
-16.8899
0.0591632
-2.57625
-0.165644
-0.120489
33.8484
-18.9295
-0.15088
-11.204
0.551284
-27.5221
0.595323
-4.41335
-0.203761
-0.0926902
-0.188299
-0.36906
-13.6534
-0.161571
0.365583
-13.5752
0.0038737
-2.29552
-0.0685077
10.5893
147.632
5.39189
-13.0398
-0.277475
-0.440171
1.59314
0.690364
16.213
-131.291
-0.592953
-1.02117
-0.103002
-0.295026
-0.320589
-13.0455
0.397832
4.7201
0.517304
0.247767
24.4787
0.0573349
-0.240123
9.88496
0.300303
8.22517
4.53016
-42.5525
-0.429917
0.285454
36.6846
-14.6754
3.58755
0.190211
-0.181421
-0.235898
10.1952
93.16
-98.8088
-0.170275
0.348384
8.72477
0.153747
0.28273
-23.2881
14.3243
6.36005
2.05876
0.0517999
11.7933
4.90378
58.6428
-0.0402871
8.33697
-34.2224
-0.536987
13.0904
9.39236
-0.446289
-0.0513605
4.31073
8.31413
0.253874
-11.9292
-1.6427
-0.099634
8.3011
-36.2323
-69.0508
