([[0.498372044812114, 0.6900668299905295, 0.18798682332932934], 
[0.4008157279202047, 0.7355624846692096, 0.13128688155921497], 
[0.5351542516594988, 0.5078689268264941, 0.45155872516951295], 
[0.40302696677299976, 0.9380844742545568, 0.38032765592356155], 
[0.2326232703698773, 0.6145810732380099, 0.5458435183790011], 
[0.523343083920381, 0.5647915840342513, 0.3215081713568842], 
[0.6033429856191631, 0.5253078875430114, 0.3852213668668077], 
[0.2844679329775751, 0.5355719051688251, 0.46919710948218446], 
[0.4973757770437366, 0.6724272640660928, 0.25613225555710484], 
[0.1903072548336974, 0.7704518670311346, 0.572457648895653], 
[0.7064761723025267, 0.8701305161881882, 0.6695202695429164], 
[0.4562529726890782, 0.5806573119936737, 0.4646127717280848], 
[0.7642988910550389, 0.7778350869866815, 0.5668687152713008], 
[0.4858492532751144, 0.966455836416868, 0.5187421782381518], 
[0.5084022913410868, 0.6137503465544485, 0.30921332726092615], 
[0.45719378577962283, 0.6004656418641282, 0.5672927056823548], 
[0.5314971444658138, 0.6830246282284733, 0.5872075166217605], 
[0.7822993948454203, 0.6876844713618402, 0.7340293172772018], 
[0.42228602992799674, 0.6739609265550129, 0.8078018737961276], 
[0.5154276613593141, 0.5773644544976688, 0.13758231467179804], 
[0.44395392488638236, 0.6720007493129442, 0.5086283946071254], 
[0.49772035176325086, 0.6118304410932589, 0.41709780208955105], 
[0.41675049648816703, 0.9426698109792472, 0.3636968692908155], 
[0.38626062666450056, 0.6562312258074984, 0.5931251837784325], 
[0.4780023130344306, 0.77856363582081, 0.6359341027284805], 
[0.49989955477525333, 0.5027024040461482, 0.5000452604639214], 
[0.3412135612441098, 0.6454343677644921, 0.6131818595118321], 
[0.4451503409077675, 0.5815336640906638, 0.4931532116463368], 
[0.5552050348522053, 0.6992020629619478, 0.4988341029661875], 
[0.7639620884456586, 0.5512288004095406, 0.10603803697636427], 
[0.6272052616906256, 0.5507603287319895, 0.2139390991877714], 
[0.45910346707982597, 0.6051425410003217, 0.5046522883780828], 
[0.5719095662772739, 0.6255505285029295, 0.13196190164470792], 
[0.4942866372228867, 0.5889055380987659, 0.5152401102623932], 
[0.6656176819474455, 0.512101359406345, 0.38497524467039695], 
[0.382175351674221, 0.6194005818979732, 0.603122855308862], 
[0.1619644754378403, 0.6754939127217506, 0.5178324735927894], 
[0.5976638949486537, 0.5487405815065978, 0.713238722174669], 
[0.5124453491717019, 0.6573817872067237, 0.42989870703672217], 
[0.43116999313279997, 0.631487710807536, 0.5728617959321152], 
[0.12066440883571088, 0.7742435669594854, 0.46001150094051324], 
[0.3930809411087086, 0.6613411127327546, 0.27141417921096683], 
[0.5590918042546362, 0.7331499626991261, 0.28788480299954533], 
[0.4860899179580191, 0.5255654419491246, 0.48419655478712037], 
[0.3708057772177698, 0.5219214240016186, 0.4166611687085438], 
[0.6795848135685315, 0.5562188267334119, 0.35296756712613053], 
[0.4385644390642372, 0.711959901564572, 0.17640370649186865], 
[0.4874596101077226, 0.5647502701046556, 0.4503628812768747], 
[0.5482919862142451, 0.5129700504146592, 0.4862752571554532], 
[0.5976073862666847, 0.7064782258423746, 0.5061321790060784], 
[0.4970601389168907, 0.5807602262762647, 0.4979618684822927], 
[0.582476845025543, 0.8162114911993877, 0.47523565364313053], 
[0.48756679691330845, 0.8557842934536867, 0.3657883589073296], 
[0.5815366415996401, 0.6664860185107566, 0.03723482890060067], 
[0.599523089709948, 0.5274873777315346, 0.5192358869007083], 
[0.9170056544609902, 0.6473952479755384, 0.32796583181563516], 
[0.12095819059920987, 0.65516558037515, 0.5866886070312655], 
[0.6022854547755777, 0.5335353737511214, 0.06981568322960478], 
[0.6072197753524234, 0.5093834625314219, 0.420388930993622], 
[0.4532133727733109, 0.6304187372876146, 0.5641051950043644], 
[0.5018095463469283, 0.5704489813131933, 0.5066242292879558], 
[0.5133371624826719, 0.5844179138613109, 0.30637929665843816], 
[0.4858909274505358, 0.5265724782029658, 0.4999855749703921], 
[0.5585548931224867, 0.5499933821319387, 0.5761111154929038], 
[0.40024986754043085, 0.6402730322646222, 0.2191352782860736], 
[0.7160684891674124, 0.578456036366017, 0.5186522055306173], 
[0.37931709385580675, 0.6877023134234589, 0.7413454952896439], 
[0.569439069746682, 0.6783043669502637, 0.5333092130551783], 
[0.4249423754636337, 0.8463558545378119, 0.6027423462743118], 
[0.6370378486483169, 0.6663811831961417, 0.739026739703326], 
[0.44859899991263236, 0.9671193120991228, 0.4432821132729719], 
[0.4922596549150262, 0.867151898034701, 0.573559183338979], 
[0.5653810547321182, 0.8378132587113175, 0.49778172817513977], 
[0.5020959603163426, 0.7304222426646474, 0.4173196275470765], 
[0.5026876753978629, 0.5250649147627588, 0.5024392047654785], 
[0.44614655324998304, 0.5488940795928414, 0.5229687354427498], 
[0.43949052061841903, 0.638344136117969, 0.5302489139096423], 
[0.4038480873162329, 0.6108086731102961, 0.3950890998931678], 
[0.5111820093577429, 0.8678752226958263, 0.4838002041471155], 
[0.5196138820199789, 0.5677822841241037, 0.5168465346976296], 
[0.8739752231871801, 0.5976015633888804, 0.2070955175839686], 
[0.5916547886371416, 0.7875992429782559, 0.601519720081438], 
[0.44545958220656773, 0.528520332710449, 0.15666529846877322], 
[0.5352847160563384, 0.5205392201844087, 0.34151535122885074], 
[0.6732941479715654, 0.6249354399354812, 0.22278062089914893], 
[0.22337371455428398, 0.5893903760653755, 0.29765676493076126], 
[0.371114577526982, 0.7737681982529745, 0.40987007421117067], 
[0.6830016400446631, 0.615657538038225, 0.6114770384777392], 
[0.5969921612427621, 0.5507817759130827, 0.5333299540967771], 
[0.27302454889671846, 0.657228509171336, 0.6610642379231991], 
[0.5975801436211229, 0.628933084900969, 0.5193160179098706], 
[0.6115975219102161, 0.8736630568855087, 0.4781953716674629], 
[0.4504677955906415, 0.5319679367394964, 0.3925796002972693], 
[0.4443263917496066, 0.7597441325181972, 0.3904594460713833], 
[0.4577660139142445, 0.6505721937231242, 0.35075957139553876], 
[0.45080989371460883, 0.9055074080564358, 0.452852526793303], 
[0.5038193095290318, 0.5209376110129343, 0.5171118902219219], 
[0.5377121986109917, 0.5603931714214168, 0.4851179033750197], 
[0.5529506953163198, 0.6398600815487457, 0.5750140889613191], 
[0.5782910331405321, 0.7708034555958662, 0.534819599931916], 
[0.5055428976377282, 0.7721663590511921, 0.48863801393946904], 
[0.46445352756808234, 0.5938444218996247, 0.5984558736513622], 
[0.4614349444047945, 0.7098365889285545, 0.5251573326753708], 
[0.48829421713813675, 0.7109119026346149, 0.4827383829261462], 
[0.8649972979990629, 0.5343034551566452, 0.6000274218750863], 
[0.2934284002971692, 0.510971524041489, 0.9334639830486564], 
[0.6382934013406266, 0.5011878207074771, 0.4446166770709887], 
[0.49160242293559847, 0.933955356717747, 0.6980602105375525], 
[0.5669769417371652, 0.754176600259458, 0.5000109259818084], 
[0.26318006018808243, 0.5405333466591805, 0.39686475865109533], 
[0.7453787491392584, 0.547178030773402, 0.3389966931502169], 
[0.4999117953502885, 0.5212573292210351, 0.49970352673364943], 
[0.5947276204539261, 0.6680096895892175, 0.4291039817165652], 
[0.5331816785222921, 0.5362815423448218, 0.40149337458314854], 
[0.4997950488601848, 0.5398273138094306, 0.4998637393009411], 
[0.5298004449113133, 0.628350883692604, 0.5079832370282551], 
[0.3697484298865826, 0.8936334535982821, 0.35314546610809067], 
[0.6787522370620039, 0.8121771124962877, 0.5223856440044522], 
[0.4996884882820696, 0.5046086550924511, 0.5000668889209684], 
[0.434905916864819, 0.7837200947203584, 0.6056090042731244], 
[0.6040204204344711, 0.8684425144166362, 0.44768471093008116], 
[0.5556238496113042, 0.6094178421049851, 0.44206544520056323], 
[0.5574724416215128, 0.517491208514718, 0.5158602523844406], 
[0.5144529696577633, 0.6358247457000252, 0.787279661713664], 
[0.4546583780348689, 0.5876516254389113, 0.5888539000282166], 
[0.5683685554462027, 0.5513133303029976, 0.46007290919127697], 
[0.47710281766826546, 0.8515676140720029, 0.5731273795512771], 
[0.5609601641616704, 0.5181814586501391, 0.5564200658574406], 
[0.5645057735840454, 0.5541270518459896, 0.5091320704269297], 
[0.478633040187983, 0.5971783737807741, 0.395108553519292], 
[0.5109163005742949, 0.8645083601081739, 0.49926422640721463], 
[0.4865183743147741, 0.5024538324296381, 0.5039533147237152], 
[0.5012617219329888, 0.9335569326476506, 0.5959152081418215], 
[0.600194841271417, 0.6238170153826891, 0.848973151427337], 
[0.5635893531714535, 0.5984235430182043, 0.31244246512064267], 
[0.3512707175088115, 0.5520845251852534, 0.8720502180426317], 
[0.3094144147481424, 0.6598253043154049, 0.46783792764480236], 
[0.49775973046601396, 0.9509064823931976, 0.4720683977948113], 
[0.5019624075324199, 0.6787229270361648, 0.4848871131466615], 
[0.5183611405555645, 0.5216837705371319, 0.48740168963536595], 
[0.6421582932120868, 0.5179649914501756, 0.4193039653617903], 
[0.5457818884657913, 0.907635023629318, 0.5550935314757512], 
[0.6029842854855971, 0.8860753613662485, 0.43118878459481386], 
[0.548974463357491, 0.5208702177621618, 0.47237690513376246], 
[0.4748000780496516, 0.9112398149501676, 0.2948480531197869], 
[0.3755581662077261, 0.6320169942750828, 0.5300851440783448], 
[0.3565478652509342, 0.5099341506349686, 0.551234839899671], 
[0.5176367249816223, 0.7712863121130052, 0.48205752164012866], 
[0.6365502996423352, 0.8478373979822086, 0.5258526803148964], 
[0.21995612535669298, 0.7534640569256489, 0.628159874607001], 
[0.4774275344788274, 0.5409531977895897, 0.4916488841918074], 
[0.5220211103298903, 0.6762967614644101, 0.4756936364262431], 
[0.23858902749110286, 0.8600879309711512, 0.42622354628522047], 
[0.47989721326680185, 0.5051287294991421, 0.496959074688981], 
[0.5009173688415799, 0.5782737003227608, 0.39523224713168953], 
[0.6953284238278621, 0.7128730073734834, 0.7493347547651913], 
[0.27525740240751934, 0.6107228741232302, 0.8339308209634829], 
[0.5181919473567121, 0.7218658868095472, 0.7085000787193905], 
[0.29921739741727876, 0.5852575902709672, 0.31287856129736397], 
[0.4408981845947721, 0.5199461889209437, 0.5573908878260072], 
[0.5332865875478222, 0.8571529644219315, 0.47693313703993345], 
[0.39195618362020124, 0.5184044838252752, 0.48596897303969877], 
[0.6357640138886854, 0.6609232640651256, 0.28132955550686095], 
[0.6432774284388292, 0.8863647484755353, 0.6587867570608154], 
[0.5133490372818156, 0.5461445034625279, 0.47647213538833433], 
[0.23768966153758722, 0.7297193576859063, 0.6062487685632779], 
[0.49972742791496544, 0.5007142565513456, 0.49727553444555955], 
[0.6140237151337983, 0.8525157277745112, 0.33213747426585244], 
[0.5114235547400475, 0.7625874221634854, 0.41049313961815886], 
[0.7292704654066969, 0.6210732280903289, 0.3651757573009498], 
[0.6313814109078738, 0.6855971506765997, 0.4385844329354564], 
[0.4956920378032199, 0.5235721819964023, 0.49338913332770834], 
[0.3491692562250938, 0.6721976917410286, 0.45819529737681125], 
[0.8106766870602122, 0.6041545294471872, 0.5076681632121788], 
[0.5557916554501933, 0.9214112844155354, 0.4506957688052], 
[0.5064490897885973, 0.5431231439377341, 0.47308282723718126], 
[0.5911281846003336, 0.7233191002618914, 0.20486858703316055], 
[0.4322018017706473, 0.8732838670169842, 0.6179531969007508], 
[0.4563267741133827, 0.9261460680600534, 0.5972111824400718], 
[0.4941064621687208, 0.5105715690747307, 0.49945352630833684], 
[0.5368088276017825, 0.5142374237125796, 0.4775776417923077], 
[0.48013350058988796, 0.5141126141762702, 0.5196563112330906], 
[0.49651082232094107, 0.623654370062296, 0.4782385746036799], 
[0.36519105070550223, 0.5186535452356378, 0.28324836943853876], 
[0.5635214640800553, 0.9946275299680994, 0.5075940351575012], 
[0.504142452188577, 0.5085512597554188, 0.4959323607283135], 
[0.4335718103661123, 0.7311068088281368, 0.621886852605453], 
[0.4549282689340785, 0.6724005972060842, 0.6380680880418187], 
[0.46451419931783583, 0.5050742335900616, 0.5056091401765169], 
[0.5537848726148232, 0.9662172208189416, 0.6125311924946669], 
[0.8417742934150789, 0.6381395731801939, 0.33236205527327173], 
[0.43366573475442455, 0.530553323225234, 0.44325816582348354], 
[0.5809079624711394, 0.501503678154504, 0.5933666172472258], 
[0.4940626100894772, 0.7080365970608814, 0.5099800372728834], 
[0.5079015305708592, 0.5358535593436211, 0.5233999802650867], 
[0.5191231695343461, 0.5243774949854053, 0.5328321783530554], 
[0.537708549955294, 0.6641095607823849, 0.5942344026627734], 
[0.44871707979497283, 0.6679648188159716, 0.2720984259375483], 
[0.5549165421068699, 0.8954850640242505, 0.5364975005118916], 
[0.11500563782517086, 0.5453564440411064, 0.585980599794485], 
[0.4830717480096845, 0.7578494168097318, 0.9137296859885229], 
[0.38271847767862327, 0.8905867173776998, 0.5772444001032504], 
[0.775656739515926, 0.7982698677091427, 0.4148454010931976], 
[0.250341788942069, 0.638492474832482, 0.6099450306999165], 
[0.5196612886686387, 0.5303881554428816, 0.4748487684788294], 
[0.6426300776171399, 0.8446787272146437, 0.4992957466220272], 
[0.5176139498041351, 0.6566194918833785, 0.49869840939384935], 
[0.44218005446235925, 0.7296174263810209, 0.4965535895996693], 
[0.6404538133366493, 0.8659282687179802, 0.7201061773078897], 
[0.48631685236818, 0.6270614739981737, 0.5406981009536428], 
[0.5046169178746522, 0.5813527093292276, 0.3642333235769355], 
[0.49434443114129595, 0.8776140527993471, 0.6037462708273956], 
[0.37419747588758573, 0.8220004846652831, 0.7520930336791564], 
[0.4589966333729402, 0.5081195192417844, 0.5650605408231754], 
[0.5031580445686802, 0.6820559033854016, 0.5038997724657532], 
[0.5004751944831204, 0.6442839787869298, 0.4996500173802698], 
[0.45040144388982334, 0.5365886869585746, 0.5184862016405134], 
[0.4812753727268016, 0.9490783082707143, 0.526062525337038], 
[0.48061851074268186, 0.6355168432543624, 0.5328642779402174], 
[0.5049621494828994, 0.5633226819690009, 0.4620893237188082], 
[0.4452981658964455, 0.6022702173332836, 0.511087039353927], 
[0.4245129538462424, 0.7274849857058294, 0.29512392145537686], 
[0.5280572303861174, 0.5518867768740284, 0.5159420069035628], 
[0.4415091496223215, 0.9158250250179417, 0.2719545883894871], 
[0.7014152278077649, 0.669917381513142, 0.7149727106415763], 
[0.45675927468131644, 0.8085284501760527, 0.5035457502667439], 
[0.18112697840285744, 0.5358540041718222, 0.7162592607594095], 
[0.3429792101976108, 0.6598585915398434, 0.6412048962588172], 
[0.5642407640975784, 0.536118756276388, 0.5775743442052479], 
[0.4523578217888318, 0.5570267995655859, 0.6170184714805882], 
[0.4900457348847648, 0.8327156196123155, 0.3731926338108036], 
[0.5499189647728439, 0.8866081112130183, 0.493213839698051], 
[0.2768985205081948, 0.6533552899435274, 0.3764776181010214], 
[0.48632915541263655, 0.5597385116146305, 0.27588139089868474], 
[0.5148470098533414, 0.6632024894188021, 0.7092623555757932], 
[0.651438622840072, 0.6101210391583723, 0.9393272647380213], 
[0.48797096605446305, 0.5048333207860248, 0.4951970093561136], 
[0.39849206635596895, 0.5737676649651644, 0.5741553601540447], 
[0.5146538784028777, 0.5781025710220132, 0.40917674405692966], 
[0.49908716065794495, 0.5069202241458017, 0.5079628009240913], 
[0.5190183304188158, 0.5552948168424328, 0.4375213224587949], 
[0.5208578136285485, 0.6775559231888132, 0.5101895511657359], 
[0.5184410745163597, 0.9455961734997951, 0.41716862567904345], 
[0.4545033226835426, 0.9003677193396311, 0.39546169760826283], 
[0.5444590719617676, 0.6069711510950376, 0.4550418485131991], 
[0.5522163577748413, 0.7845521434555901, 0.3706089509681944], 
[0.5020634109269881, 0.5029270401519109, 0.49877604569180184], 
[0.48076196675788735, 0.576598120679052, 0.4892200080289657], 
[0.49990993388843213, 0.5227474610407509, 0.5000200367847648], 
[0.5016487575789413, 0.5275118896448839, 0.5096751440348833], 
[0.915702079168283, 0.6776010498913033, 0.47617427101314874], 
[0.6623731082075989, 0.6411487910154109, 0.6046426403695181], 
[0.5769053517120585, 0.7456294369801469, 0.3426188428007842], 
[0.677997314609638, 0.9403544429128111, 0.5024175459003402], 
[0.4966954153321206, 0.5345503771313335, 0.5003736659688285], 
[0.31529943481971584, 0.5554580191363904, 0.16851650349935945], 
[0.47453420104391686, 0.513332416470474, 0.5582184864990263], 
[0.4789301733040768, 0.6132885163624141, 0.5135897427953409], 
[0.5098021828153068, 0.5173105312032193, 0.5669072370929152], 
[0.516524686525417, 0.5700074414663846, 0.6487751831097621], 
[0.5015035122182293, 0.5167655962655188, 0.45556569879067604], 
[0.5006983533681734, 0.6965217644652307, 0.4706139508943113], 
[0.49060206264899064, 0.7321378693305677, 0.30554920547239367], 
[0.807707421281529, 0.8531957332444873, 0.6025194905441597], 
[0.403512003119641, 0.7745030760451753, 0.36539822745174994], 
[0.595251581332692, 0.9889031746599448, 0.5010977009230497], 
[0.7180566422776854, 0.8125209433604699, 0.4533117358586429], 
[0.3471644593733125, 0.52980582587501, 0.34665158520006273], 
[0.3602691668012024, 0.5524644843690288, 0.5494038492068276], 
[0.49561409885413, 0.639479119872952, 0.5030460440592092], 
[0.5589321881348627, 0.7175744293522236, 0.1979109039496305], 
[0.47569245089999757, 0.8075078979387066, 0.571253055647012], 
[0.5802214513909923, 0.8443449789056959, 0.5806294115709805], 
[0.3267910974369314, 0.6088661827700157, 0.42681029280001104], 
[0.659403496451851, 0.7755861149234485, 0.662175624287093], 
[0.520777160710242, 0.5078307184922641, 0.5229502521990367], 
[0.49028201160545665, 0.5290731602083819, 0.5053728020021783], 
[0.38314112457961197, 0.7879783280178859, 0.43211249312776506], 
[0.6366137515237109, 0.9036136432878124, 0.4673384236327052], 
[0.08466649424140942, 0.5106154061819811, 0.7449304805528497], 
[0.6044335419519755, 0.6551164478066142, 0.5945217301324639], 
[0.5311612877225741, 0.9306226137743253, 0.4576152252677453], 
[0.4886050612193114, 0.865240791374878, 0.4462870585583479], 
[0.27146562341670455, 0.5614533562768895, 0.4103175626028244], 
[0.5267450930016996, 0.7163537401301415, 0.25845135120128465], 
[0.48312864149895973, 0.5665969260387104, 0.4258506061968807], 
[0.4999288793259622, 0.5946194384265552, 0.6135107315486433], 
[0.4364346157451622, 0.878790398523757, 0.705382586666822], 
[0.4155158988280241, 0.7594181655213066, 0.8873007474456575], 
[0.37709041299142837, 0.8803384624326308, 0.2884664422263724], 
[0.4860026273196558, 0.5598669225170783, 0.45255588655633544], 
[0.5775532823972839, 0.6961819425371051, 0.42494240257674637], 
[0.4070665769635256, 0.6924667232450283, 0.3632052192372499], 
[0.4977590640695468, 0.6806155604849257, 0.45680292767898006], 
[0.6189427052369156, 0.6178293140414912, 0.4138134742524749], 
[0.47577967363065365, 0.6764798848982497, 0.39533126699542126], 
[0.5465586612687592, 0.7913482254513714, 0.5585915875369735], 
[0.3879501179309763, 0.6280215975705818, 0.2819819552020471], 
[0.5022996762755957, 0.6276206875318725, 0.5447439385326341], 
[0.556685617653819, 0.7207750354980011, 0.5076657902142158], 
[0.8602761409938567, 0.8102149633625038, 0.4818857878436959], 
[0.528345214070372, 0.5123128739783321, 0.4714614767145748], 
[0.447181359496585, 0.9295254787234034, 0.603596606552287], 
[0.5253656074006668, 0.5534590780486632, 0.6613704510625592], 
[0.5208887979798855, 0.535580340727928, 0.15583177706221138], 
[0.20952952295707827, 0.8389794199654333, 0.39402305372422264], 
[0.4581565470992592, 0.9104966067439312, 0.42976647655676053], 
[0.297604281789504, 0.5345696350216818, 0.5950105944443667], 
[0.5771212777942428, 0.6062625359400922, 0.4901258144900784], 
[0.4486099225153009, 0.8633566265163642, 0.6309411916369074], 
[0.5214283680758764, 0.6679405635563985, 0.5255491889618399], 
[0.5352824248591656, 0.6307836889157266, 0.4871816077554705], 
[0.627166848900553, 0.5332807663770317, 0.3977400879595509], 
[0.5919553985254048, 0.5384317888079161, 0.5823832941148513], 
[0.5133637053258445, 0.542365801152652, 0.4912086524409967], 
[0.5027398606692294, 0.6232037876443333, 0.4825870185941818], 
[0.43825749732047475, 0.7005658121929135, 0.5005774819339839], 
[0.6323631659966419, 0.6071551961717372, 0.8725473655028576], 
[0.4993091250914102, 0.5028354308058806, 0.4987268777336193], 
[0.5076370319869499, 0.5777934889474913, 0.5115288043045617], 
[0.5058373249474962, 0.5034469078949173, 0.5119837564107806], 
[0.5296564229402206, 0.5244245348164144, 0.7188419046912009], 
[0.5023501157880415, 0.5410282213212544, 0.5762330072361649], 
[0.468400788268069, 0.742785582805637, 0.4893255561020346], 
[0.48996220320490486, 0.5563169972907477, 0.4966380532844012], 
[0.4948104291196225, 0.5153757289592837, 0.5094552320101536], 
[0.38764080221595165, 0.5192000822677234, 0.5217506701915436], 
[0.5282937544170058, 0.5313077127982109, 0.5261709840689908], 
[0.5451147749962149, 0.5878723437293734, 0.6391240986244875], 
[0.493859938996068, 0.5111437813712264, 0.46698557904761223], 
[0.4972709450137201, 0.5006934973967615, 0.4998934620584856], 
[0.3781393521523945, 0.7686389820140201, 0.5175289905301675], 
[0.5608650823387582, 0.5799514637115379, 0.9575750055831755], 
[0.45407043322121804, 0.6261951971692319, 0.5795576608238787], 
[0.46499672090678823, 0.8504556490622667, 0.4812690965914328], 
[0.4087148282309823, 0.7947387962721786, 0.4390221412011155], 
[0.44483489838626283, 0.522223692092195, 0.4899150723608951], 
[0.1695845887097421, 0.5156595089487339, 0.2968707394877781], 
[0.6475798328622465, 0.8524198243527175, 0.7505320666106344], 
[0.5968231301554886, 0.7086500564051651, 0.39067100656045395], 
[0.5817037540415623, 0.9017496443854837, 0.44747292348919004], 
[0.4677442044312993, 0.6233859852955584, 0.5941624669892217], 
[0.4588610132180937, 0.7871437522346971, 0.4674929667001571], 
[0.6131303752894359, 0.9772866751345098, 0.4485265453948555], 
[0.5109537892797821, 0.5029550184618082, 0.5053130026926012], 
[0.6249224381497778, 0.6711540338097857, 0.6597489360755913], 
[0.6719390008063281, 0.7239850787054912, 0.46067390168961503], 
[0.3683500418701297, 0.6654699662193392, 0.5672164216769703], 
[0.46079759827857686, 0.5540966849089523, 0.43987575825474057], 
[0.6586737322438183, 0.686816647448715, 0.8496172549626007], 
[0.7481775825699378, 0.5216122759855776, 0.2577141218438996], 
[0.5008483965733667, 0.5229556617305925, 0.46941968310558013], 
[0.43369880684373374, 0.6148252523543185, 0.6227079357838378], 
[0.8849798768922627, 0.7537502630523707, 0.48020086599482587], 
[0.5236799182806212, 0.5161649669482962, 0.4948215740448212], 
[0.6753330242679155, 0.7412698820613555, 0.7638153551684814], 
[0.5260357815598155, 0.6086873231897408, 0.507826703407349], 
[0.37595555049787593, 0.5537583791676476, 0.6587540960236872], 
[0.5497650708189493, 0.5421199206115696, 0.5956886150045099], 
[0.4778897894914766, 0.5348230809802074, 0.49325082046958646], 
[0.4927007764700855, 0.73381238843804, 0.5063905292922819], 
[0.7692999378235994, 0.6922861661284369, 0.34826918307882093], 
[0.5095331829360031, 0.5527316546554136, 0.5245418668433911], 
[0.4272645088716633, 0.8763560540789687, 0.813649408427016], 
[0.6196863189368104, 0.6641348321802066, 0.3251401052201909], 
[0.5542524856665808, 0.9124235833390445, 0.6615494348957726], 
[0.7082868241649397, 0.5678633252013424, 0.2773860572816825], 
[0.4487248759849223, 0.7973314687062127, 0.13114956490162477], 
[0.4958455482201969, 0.5194863167046442, 0.4300445534134259], 
[0.5916917289394944, 0.5756508109346666, 0.5716845846544064], 
[0.5068845380594588, 0.8993124891041347, 0.6858967560739138], 
[0.2277048774626196, 0.8765357590235258, 0.6604646985756574], 
[0.4679558588451947, 0.9028620628614282, 0.5701500263705925], 
[0.2732952840412092, 0.5235822460089538, 0.3501007065546437], 
[0.3944247354940442, 0.7422725773565877, 0.5263058599467573], 
[0.5254565579010223, 0.6000368472549186, 0.4985862211690995], 
[0.3713653776894646, 0.6881447885213873, 0.8748653538917516], 
[0.49712119646627334, 0.7031329214987391, 0.5394797513219163], 
[0.3655883870276578, 0.7913791909633291, 0.4314267504487477], 
[0.3864680893947699, 0.6234377598491343, 0.7250140377758493], 
[0.5561136560466637, 0.6489734705260672, 0.5266050289070515], 
[0.3574153196520584, 0.755573561578688, 0.31024974707259917], 
[0.5102630682099508, 0.5356533922069399, 0.45438598374703276], 
[0.8715169221262397, 0.6528076676871671, 0.47624416733964203], 
[0.5549045078064263, 0.9100369082524432, 0.5747167840221746], 
[0.489544579883334, 0.5239577780718391, 0.49652676628352227], 
[0.44658809202578326, 0.6437997905429217, 0.7402963063171977], 
[0.680815408924618, 0.798057017347901, 0.6550366498291579], 
[0.4000055928050584, 0.6040700818158172, 0.296939473889433], 
[0.6111266842305747, 0.8404506685489478, 0.6014510266364478], 
[0.46504646299189495, 0.5038991273646939, 0.5114297673984866], 
[0.4936847915943052, 0.5011760962689641, 0.48928257561627214], 
[0.7002621943300333, 0.8931097112801932, 0.3250237747095403], 
[0.28743441694917443, 0.7221659781009202, 0.5767324396669378], 
[0.48232908994264917, 0.5573246463599585, 0.48272817540833013], 
[0.4976658010410446, 0.505977617267393, 0.49815234869329356], 
[0.3834434519038265, 0.8831342606336922, 0.4641749114089215], 
[0.4656043705348898, 0.560707236639214, 0.6982958350377261], 
[0.4999606308528875, 0.5183313017362668, 0.5100209750496704], 
[0.5421375428933887, 0.6748252174332402, 0.2829799828227452], 
[0.43032622295108097, 0.5389336876556655, 0.30197809384725266], 
[0.7660330713379541, 0.7575093396424702, 0.1750278546720402], 
[0.09559879051171734, 0.6475674534840898, 0.2662407051178224], 
[0.5752314861041335, 0.5716184220270099, 0.8928282861286324], 
[0.49345198774036986, 0.816653240152536, 0.3078118434373001], 
[0.5108632564318735, 0.7104498514096722, 0.5897826880768383], 
[0.3852188067337194, 0.6287274287463952, 0.4095863433527686], 
[0.4724022692135077, 0.6648336204393911, 0.5056342007515086], 
[0.4410188331924812, 0.822625715760886, 0.5308388924156323], 
[0.5333950312362193, 0.6465260143289056, 0.6162751377002681], 
[0.5074074941210895, 0.6305772783660699, 0.722610171642177], 
[0.4934552814693562, 0.5269865942270878, 0.4784032900701354], 
[0.48629788279593006, 0.7397853760660716, 0.4134527097039153], 
[0.5125468418761436, 0.5190378281904757, 0.492931886486625], 
[0.460319999403279, 0.6784060409560436, 0.684045203851365], 
[0.6885098055005775, 0.5848410405365937, 0.23519874374739477], 
[0.4990183665114453, 0.6558848368129128, 0.507680975766117], 
[0.5667716397841794, 0.6023004277863593, 0.8867056857784629], 
[0.5379694668498803, 0.810716317585375, 0.11326830765512952], 
[0.4312905224001448, 0.6985036140807948, 0.5171590440452121], 
[0.5324561708582733, 0.9363220655052319, 0.6319959809647663], 
[0.4582544311751606, 0.8536733722226861, 0.6141181215779438], 
[0.556094507873634, 0.5332376439884332, 0.4809014908779438], 
[0.8761024820669633, 0.7430928281534447, 0.5759749908078864], 
[0.9397762032477702, 0.6837348899719485, 0.39141321513840593], 
[0.4362703541999966, 0.7640018655971325, 0.23182918001454234], 
[0.532703449932654, 0.6634536716707984, 0.5697923226833765], 
[0.4740572195882531, 0.5455654348352467, 0.5262156567271178], 
[0.4165356270830904, 0.5694256452375558, 0.35718014422280625], 
[0.3721989200242111, 0.8526617083007163, 0.49364110888643475], 
[0.4730491307081562, 0.5312562630204725, 0.5748466149980695], 
[0.6946385063907742, 0.6720260127911072, 0.5707344256295876], 
[0.22771160166790408, 0.7990601360003353, 0.5795319350822014], 
[0.49699589491332974, 0.5032560310954429, 0.4990278553205192], 
[0.49536581278109665, 0.5014733202576745, 0.503346215708826], 
[0.4570035436189502, 0.6120002207077065, 0.6121422482206621], 
[0.5048560457883299, 0.5487771078816085, 0.5024143154087043], 
[0.6446171465387346, 0.6792140677609532, 0.27047601384387404], 
[0.5351647920311736, 0.6304963288148542, 0.4652474519136274], 
[0.4047914626118338, 0.6892605318513837, 0.45313610352768424], 
[0.49508715035257356, 0.5057314138684068, 0.49865773212162684], 
[0.41858635018753426, 0.5389638922032255, 0.4519599447382477], 
[0.5018075465640116, 0.5380943989176091, 0.5009194233987175], 
[0.4959618295917199, 0.9631892966167328, 0.3886374270962925], 
[0.5038781932576187, 0.5358918548145103, 0.500224782013516], 
[0.5591758805988744, 0.515102440635253, 0.5158120986837725], 
[0.4976691041894721, 0.5534217896853614, 0.49587472654065884], 
[0.29428818681996, 0.6982001520116525, 0.7995504878189409], 
[0.7259030269714689, 0.8634623724678828, 0.39836430317502486], 
[0.4666142351208992, 0.6349446020630186, 0.5738405139529082], 
[0.5013183070120312, 0.5127667461375062, 0.5049735777661876], 
[0.5108619279048164, 0.6239835425208824, 0.5453186859159391], 
[0.5764062769900712, 0.9311001520105243, 0.7118015472367031], 
[0.5343913781418206, 0.5430109539151445, 0.5708793828012249], 
[0.44078167358958514, 0.7103810018828117, 0.8107488389977472], 
[0.5011541543365715, 0.5140525509570525, 0.49849744210900826], 
[0.47457099689257687, 0.5063571583110159, 0.46472710553433677], 
[0.4719404629903417, 0.5663563512377804, 0.5081900539159332], 
[0.3987859102372879, 0.6471422037052622, 0.2141406647343709], 
[0.017891246929755782, 0.5788108422734647, 0.6045283982672984], 
[0.5125033672650587, 0.7008247037375565, 0.5012190230683811], 
[0.8543772130349042, 0.6912629719565722, 0.3838570095128137], 
[0.5021629022060314, 0.572911999672596, 0.5087553255388565], 
[0.49186429665281134, 0.53916108061339, 0.49564652061975933], 
[0.5939869136110666, 0.5116829078620203, 0.36770669659399174], 
[0.49187032338865594, 0.7449890902732242, 0.4420530000176368], 
[0.7152529136900622, 0.5108872983596923, 0.8647370689436622], 
[0.3994626864779438, 0.8343500527853616, 0.44962466130514717], 
[0.48610180002193837, 0.6126780067847125, 0.447732983770861], 
[0.4383517961360897, 0.7270497868185277, 0.5341599738708305], 
[0.47912862382050303, 0.5703431524569078, 0.513252372424856], 
[0.5322674316597982, 0.5576888239684442, 0.08598225407362392], 
[0.43005981297941925, 0.5041654240298122, 0.5792531585922892], 
[0.24000980349990567, 0.7382113193267884, 0.3360383164857419], 
[0.5010938193464836, 0.669625319465454, 0.49621807900428044], 
[0.33867703207684663, 0.5223369168934503, 0.6680417482863455], 
[0.5951434427706682, 0.6846829603215752, 0.7508990803091633], 
[0.4411015289744266, 0.5065086812666858, 0.543028649903072], 
[0.31985921877244267, 0.5753096594337619, 0.8385420229441459], 
[0.48604373238987564, 0.5240274648774051, 0.42217757155327074], 
[0.4108876990650858, 0.6915327193812941, 0.409814155973588], 
[0.3218109641164652, 0.8266275576530391, 0.20964388166890935], 
[0.6490018691085641, 0.9257629621782074, 0.4956452262576998], 
[0.6504970544212316, 0.5374301693793534, 0.4506712325764512], 
[0.4994627867670718, 0.5783124483165671, 0.48319054717481597], 
[0.7549815681056607, 0.6528729394853353, 0.4851916518694673], 
[0.7288504611918628, 0.8220716819604625, 0.5279881672185858], 
[0.6096908101703822, 0.5166538323611293, 0.4975272519191893], 
[0.452549180369277, 0.570726262090652, 0.2530394949864099], 
[0.5290353135958147, 0.645080293601655, 0.5110743726139156], 
[0.5827088015838812, 0.64577704383022, 0.5726993330317619], 
[0.6440232507594311, 0.954137109977053, 0.6239326234916578], 
[0.9721813976570818, 0.6559186073398038, 0.5099962079643544], 
[0.8776562917533269, 0.6676628036911217, 0.5587390094974833], 
[0.6288113394271195, 0.6288494361366562, 0.5460220605162289], 
[0.525226468425435, 0.5131977598218108, 0.4849586358906281], 
[0.49952880288523965, 0.6109940187998876, 0.48118551060576786], 
[0.5506969139302452, 0.7018017632435075, 0.4799029793842466], 
[0.4406554510133582, 0.5628775973081527, 0.4731042043900759], 
[0.7868299853949406, 0.6683539184656646, 0.5008709600314069], 
[0.5185664284222187, 0.743063617347428, 0.4992577159126108], 
[0.3228793001047828, 0.5605783391188871, 0.6249737078915553], 
[0.42098596580145325, 0.5578790437886154, 0.9598432489290563], 
[0.496605489512098, 0.5006998704569229, 0.5035508354275339], 
[0.5068757226543604, 0.5273930494967524, 0.445928014190139], 
[0.5495880748654602, 0.5651438684136743, 0.48409175579195934], 
[0.7317148932520996, 0.9133576998239515, 0.5614794348399902], 
[0.498678999777655, 0.5836320774181267, 0.5052474987154099], 
[0.5184372275296419, 0.5397430361716677, 0.5285126010833775], 
[0.49449129429460065, 0.514658538787824, 0.49710275193337145], 
[0.49364935084119194, 0.5504747275765568, 0.4858242866981777], 
[0.5806895683870456, 0.7201224173448383, 0.42908304592613405], 
[0.634722141876763, 0.7575992854506386, 0.481027535268492], 
[0.4417657317967016, 0.847970717360954, 0.5596397336842853], 
[0.33518400318278, 0.5568809933965698, 0.15347448094807672], 
[0.39411062800590985, 0.5842041319294285, 0.28877534476602756], 
[0.25437103719115656, 0.6302824057779496, 0.3253579754352731], 
[0.4590048819816535, 0.6696577866132207, 0.417734836446693], 
[0.6745408846667237, 0.5257931206465224, 0.44213195167605973], 
[0.5072178125374013, 0.6598466831938178, 0.5741150762592674], 
[0.50266764898685, 0.9240313255361622, 0.4970480536714865], 
[0.646004163141796, 0.8832738410372166, 0.6998725559183937], 
[0.45515311392633184, 0.6857664749174138, 0.5332804701442447], 
[0.2975231846637158, 0.7511552258887614, 0.41470110721378545], 
[0.7105425310401086, 0.6950434750337943, 0.48285376865026386], 
[0.507270573084006, 0.7136922725988771, 0.5004088172027977], 
[0.48137713285227984, 0.56315544548249, 0.5160648386026704], 
[0.5238619170289484, 0.6945138040871784, 0.8671027486247939], 
[0.2763164280143547, 0.6270943864036318, 0.3962506639265866], 
[0.6015162715598837, 0.699689702399971, 0.6038084513817199], 
[0.47735992306065017, 0.5001534561028577, 0.23111088292815682], 
[0.5085539189132752, 0.7132440777580625, 0.5099850392699169], 
[0.6022814515304419, 0.6228965095874872, 0.40675725658150713], 
[0.9056245609326119, 0.6651955867161046, 0.37850540009624295], 
[0.4742798554938448, 0.9971862215577657, 0.5356841047255468], 
[0.39586750938090365, 0.8060719040047898, 0.5035659917964587], 
[0.4729284230281281, 0.7323737912545646, 0.46831022639690006], 
[0.598123762924348, 0.932245387365862, 0.6350993641940657], 
[0.5139803154756948, 0.5101354954005332, 0.4882896120482602], 
[0.4991462611312481, 0.5796571539813763, 0.5076735126519895], 
[0.4400271086469137, 0.8141777175072211, 0.5489548181636534], 
[0.49444143243065647, 0.691412724520597, 0.5008111624742205], 
[0.34149534115022234, 0.6349567757837219, 0.6671462461336813], 
[0.6682315005066334, 0.9180621500824584, 0.6360734637793376], 
[0.6155075580199892, 0.6703746228940298, 0.4091184854666641], 
[0.6407138843163712, 0.9094784704978528, 0.3626501627062592], 
[0.5738754253520587, 0.5948033130781817, 0.3666923967770077], 
[0.5587146321102203, 0.5049352857426516, 0.4667797409578602], 
[0.39848754980932855, 0.5846131775680594, 0.5674958551011029], 
[0.5001870008126583, 0.5282021091487437, 0.49870698851303147], 
[0.17003971644590346, 0.8264778868814343, 0.36665080289472135], 
[0.5006742535619403, 0.5205357140031963, 0.492649421981086], 
[0.630597601210176, 0.7992699134217064, 0.7495128645113273], 
[0.1424247407001639, 0.5690629664995313, 0.6640836864808356], 
[0.33177958813974623, 0.5074842538801286, 0.14312918103619313], 
[0.7872207734368928, 0.7778324913762544, 0.4916884798429257], 
[0.556843866673109, 0.8593866720601923, 0.44863340438736743], 
[0.5052098685072927, 0.7146751548461726, 0.46578940463042207], 
[0.6625375272231151, 0.6318459312754078, 0.5407451995479202], 
[0.4648096220238041, 0.6006988049229265, 0.4456727598660304], 
[0.8008774965836699, 0.7049376714122436, 0.6093822483116809], 
[0.4758257873656466, 0.6735488951790768, 0.6884768031158343], 
[0.4342165385169372, 0.6171160094535173, 0.26686183367887695], 
[0.5730997343464, 0.9267314097251743, 0.3562281164378039], 
[0.596285319870182, 0.5356227011701719, 0.3836731991329689], 
[0.053672844669544695, 0.5400291278316728, 0.420137713798639], 
[0.4570490834192919, 0.8650618131624878, 0.5214452778501572], 
[0.5049234273011048, 0.5200311062867174, 0.5045173169730461], 
[0.6031654765798099, 0.6174500672893323, 0.4475403826702116], 
[0.6895938108103673, 0.7067161844819131, 0.3239866465810864], 
[0.46734041549051986, 0.6150718108570343, 0.46479017374945486], 
[0.3728384699198099, 0.509595859415233, 0.2144984031846003], 
[0.5164103832713786, 0.612064736551222, 0.5555037846045111], 
[0.45832606091350186, 0.8308115241261526, 0.40081937453178784], 
[0.4773926515090165, 0.9405038357361878, 0.4502720423867141], 
[0.7392647615549858, 0.7263327443599868, 0.45478654810571123], 
[0.5909355262004611, 0.567683754075088, 0.4691948489649212], 
[0.5204404241453658, 0.9653286803167669, 0.5471650797813188], 
[0.6701920451059481, 0.8154280326515995, 0.6752081969717216], 
[0.6331615706069613, 0.8918333685597277, 0.5674131956465258], 
[0.4252566068905848, 0.5887705399644357, 0.872049290762642], 
[0.45733159042642635, 0.8748207103832293, 0.46826846280266027], 
[0.6115288055238013, 0.5647619556292542, 0.1948942925372434], 
[0.7613763256428522, 0.6899929924457155, 0.43070246890911634], 
[0.5690485946375899, 0.6525460506830356, 0.3093194252933478], 
[0.5029647339834223, 0.5042558749387689, 0.4696460381005736], 
[0.40403206094809224, 0.5430410998201657, 0.32669513072053485], 
[0.4128773580774073, 0.5618736446515636, 0.3134610600995073], 
[0.5541474942619186, 0.6070842703856183, 0.5086274524352273], 
[0.553429458775997, 0.5937154369378407, 0.19489816279910924], 
[0.5025879365015163, 0.5353529339780639, 0.5058487590768721], 
[0.5667273789720445, 0.669236895035247, 0.061026332158469865], 
[0.4521119689087021, 0.5195624331376357, 0.8111482853960851], 
[0.44846728470371505, 0.8490963170177279, 0.6942751871838304], 
[0.617610139303455, 0.5772713484818067, 0.6327147658785449], 
[0.546015625411013, 0.5102944772380835, 0.5846485625440204], 
[0.6204335927347754, 0.6270067045713176, 0.6051557184496008], 
[0.48081202194248646, 0.6913393853465499, 0.46404826144656236], 
[0.36126163782650017, 0.7085376721193977, 0.38741837201331736], 
[0.3892146718763305, 0.8286955377297112, 0.4984732879179559], 
[0.5788491114793429, 0.915620653726751, 0.4981794376039877], 
[0.5156234920171174, 0.7443076492859709, 0.1591718228403908], 
[0.5027572023029026, 0.5420348998487141, 0.49284169860225835], 
[0.40079989565602747, 0.5435077225392526, 0.7688657748156382], 
[0.5065832775198652, 0.6406217150726007, 0.5479503472334348], 
[0.654742036598993, 0.8699908439237479, 0.6045061906753403], 
[0.5004978933595867, 0.5150191013166956, 0.5372126668429931], 
[0.4025116465655114, 0.8505609963386496, 0.4664757532584262], 
[0.710393224471059, 0.7377496783521468, 0.5279242019292788], 
[0.37675636790015227, 0.6875296557357217, 0.5735171711809803], 
[0.4285014402434133, 0.8321069010143378, 0.28286641155177183], 
[0.7761017904930659, 0.5666875183585415, 0.5313716744779557], 
[0.4918145977729809, 0.5632261457390256, 0.4946916327702229], 
[0.49684773994462317, 0.5301386101801068, 0.4908027670453811], 
[0.6976027618853475, 0.762768551536808, 0.6258431067143474], 
[0.3095008369889999, 0.5102568978979595, 0.6961037596883529], 
[0.7237434163728063, 0.7250636548584538, 0.45332052925837446], 
[0.40153637790090974, 0.7524161797871738, 0.4951193238323706], 
[0.3739879402722008, 0.7115579411445442, 0.8192138748082979], 
[0.44607756663855896, 0.6314351884501245, 0.540982519302589], 
[0.4823422496350984, 0.5905710263058588, 0.6216589203657648], 
[0.3987358770587004, 0.8495573852501724, 0.7821271296002932], 
[0.48624284019526115, 0.5261036787501278, 0.48234581990460934], 
[0.44691795674590823, 0.9894678444888867, 0.49768474041013966], 
[0.6365296374026842, 0.6611349106444909, 0.38797658600890433], 
[0.6440737454749806, 0.7209670948474475, 0.9138902065789773], 
[0.4577549681332462, 0.5677231901896916, 0.8142624249759957], 
[0.5103132856605489, 0.5747142415520154, 0.43448068567260406], 
[0.5255768070978647, 0.7676398150068748, 0.49267829968256294], 
[0.7385419182251289, 0.5971068590365469, 0.6254419811028716], 
[0.8357406020063239, 0.804940819824334, 0.3209984812845956], 
[0.5244266223281818, 0.5476619667322352, 0.44053182600397944], 
[0.5082356561143243, 0.620877998605481, 0.5236832420517757], 
[0.4392230149106619, 0.6317848320511428, 0.897421275081828], 
[0.4111026750593096, 0.7234054410289731, 0.5046075034805225], 
[0.3184541514764894, 0.7807790979027946, 0.7937472465610941], 
[0.5884903819017951, 0.6833054608572037, 0.6095791380770182], 
[0.5125916351546057, 0.5643321838221816, 0.14500810238340142], 
[0.5410118180799135, 0.5202462090930694, 0.4937013905532104], 
[0.6131525539294144, 0.5168007864491974, 0.3978396952609166], 
[0.6088349804916456, 0.6690749232263625, 0.7789094531783857], 
[0.2830928797066417, 0.8383119499139308, 0.4118298460330008], 
[0.499159414742604, 0.5233160346345885, 0.495508633340807], 
[0.8679900172251235, 0.785425386286377, 0.3666716551656279], 
[0.5621807517378584, 0.6899473976178973, 0.5028844148075134], 
[0.49737702195973027, 0.5013293484390058, 0.5002396087729176], 
[0.49219935758855476, 0.6387698872190954, 0.49861762684133587], 
[0.5099763447509817, 0.7521457486002464, 0.5001266474293059], 
[0.5710841130932072, 0.5872347904766183, 0.5537865269434735], 
[0.6088587431545305, 0.7147166429839261, 0.5737338405558298], 
[0.4382221569723912, 0.6952182368141462, 0.3663484093362656], 
[0.5933775593558819, 0.7015130334247118, 0.5601636938501161], 
[0.4803578166507148, 0.5481816742173148, 0.5208775965379188], 
[0.7238663113235398, 0.619891466539732, 0.44238974480792126], 
[0.41579068919978207, 0.5360879611701228, 0.5217860080258289], 
[0.6238144567491939, 0.5798495515071777, 0.7099825809179569], 
[0.415284699375395, 0.6997466618528008, 0.3194210553744333], 
[0.2190151055162343, 0.8787519716417806, 0.5403446118706594], 
[0.519316172478968, 0.6146562271153387, 0.5379455825676158], 
[0.5444772099562382, 0.7920993488062636, 0.6534581808963519], 
[0.24906386945563042, 0.7290677666756689, 0.5174503767411094], 
[0.6916329460619024, 0.6716770496324957, 0.33067043134091434], 
[0.5146147494024146, 0.5363716149519091, 0.5385753637612695], 
[0.5772047344891043, 0.5360383736174869, 0.5001395079816834], 
[0.49527045677295695, 0.5352220005907846, 0.48968339160930435], 
[0.5826163876016603, 0.6282742837185933, 0.5090567773646631], 
[0.5578626078637317, 0.7614226953748506, 0.35341649341305253], 
[0.43487418501622527, 0.6667609398544254, 0.2985335745062722], 
[0.2570131897805181, 0.5450610390327459, 0.13828198520657678], 
[0.6797318152105257, 0.523898465545238, 0.5094216565824224], 
[0.5065700829088683, 0.5613834068445137, 0.5774390437938338], 
[0.48342697565378207, 0.5305420605026916, 0.4824471021750785], 
[0.746288972605971, 0.6840592924903289, 0.24413714179180512], 
[0.3627193046985951, 0.7385611333887646, 0.47972315243822367], 
[0.4967380924595768, 0.6952539346018612, 0.8293048417578316], 
[0.07767546228388607, 0.6663001999439858, 0.5654246951936731], 
[0.5835760283649941, 0.6589810096807281, 0.23114575055278788], 
[0.5330812641537788, 0.6083971276091943, 0.6343134955250808], 
[0.2778335255944416, 0.637205383532933, 0.5924366456777541], 
[0.564227478551888, 0.530338942897402, 0.24517524620069184], 
[0.49843467452161866, 0.7559900820103902, 0.5021952102264113], 
[0.5757581070857518, 0.7637864948849789, 0.4259384374724802], 
[0.5766977372475407, 0.583397206597891, 0.614982265026396], 
[0.5104500825083046, 0.5942403721696032, 0.4631258989342009], 
[0.3988261499600228, 0.7725843559351335, 0.4649770834310832], 
[0.3735886968888842, 0.8224403694248762, 0.5837173915693614], 
[0.49447849611975075, 0.9129610988422909, 0.485562612485216], 
[0.5359260177614749, 0.6209190483421236, 0.0665547477274897], 
[0.42100479480520187, 0.7619822144459207, 0.7794011793799545], 
[0.5018694166897585, 0.5402919935282253, 0.4409928859445093], 
[0.6288705289357021, 0.6755316805777043, 0.7821141136755975], 
[0.48008908199136147, 0.619750971800808, 0.3833675602704389], 
[0.2599377047015731, 0.569208169090745, 0.4480715082099113], 
[0.5015650321173039, 0.7617108863036813, 0.524443522371873], 
[0.5552451377171899, 0.5742478518151225, 0.5979387266070985], 
[0.8607196757543436, 0.7997820945751689, 0.3537010861328769], 
[0.16490887315623937, 0.5425032545893437, 0.5151515746352993], 
[0.653945503040965, 0.7335369944919727, 0.6514754397906833], 
[0.4630038731451151, 0.8646297253378087, 0.18889281393643734], 
[0.46139629366995294, 0.5546879598359572, 0.48127611797362446], 
[0.4979196055960134, 0.739328791142453, 0.4048789953248771], 
[0.5016538327414586, 0.5012095073390676, 0.49740532261920195], 
[0.4730835109619545, 0.7027498082057932, 0.5815504793378993], 
[0.8866183249102946, 0.7203659651239093, 0.6123335718791414], 
[0.5059976551837115, 0.5314217968286911, 0.5208561671546554], 
[0.3832583491174892, 0.5528019472618029, 0.6227462160914072], 
[0.4463064158845131, 0.8162142906031136, 0.593689340776718], 
[0.6828708893676817, 0.5550345101630275, 0.5077008841989897], 
[0.45682644851189463, 0.5147062330428173, 0.5423816682496327], 
[0.5122301346996087, 0.5642194042331679, 0.5114866666873394], 
[0.8415802301639556, 0.7674620071989539, 0.7194661973672037], 
[0.3502126366852211, 0.8394701918908494, 0.6391888488491129], 
[0.5219625005426485, 0.8856196850686274, 0.7122398680928631], 
[0.6280188150496979, 0.5014008933049379, 0.9336747995738985], 
[0.5167045903998337, 0.6119077473085478, 0.4553503877328569], 
[0.5151599467333178, 0.5167322931113364, 0.42232457734588275], 
[0.34112358438468154, 0.5861260935701331, 0.6024929215247236], 
[0.38116301576973804, 0.7402235179928462, 0.6415417706259597], 
[0.485368912617054, 0.5501722714384158, 0.5008460909946387], 
[0.49920995527157125, 0.5071649696790094, 0.4994922032039491], 
[0.4621261725088676, 0.6085681353682655, 0.7668942029667803], 
[0.49739574662847974, 0.5241756788144862, 0.49442323757275747], 
[0.24577663881243983, 0.5487864334512188, 0.25479473399487534], 
[0.4904351198620836, 0.636195513773671, 0.6584668065406951], 
[0.5002075286129981, 0.6150332407399092, 0.49930272800152825], 
[0.5481301864994508, 0.642309412676149, 0.532024640009655], 
[0.7523529441890305, 0.8205599066842199, 0.30668183436515367], 
[0.5488594702449504, 0.9697800744131321, 0.34907227219766274], 
[0.8583355099376475, 0.5266476290959343, 0.18880839794417395], 
[0.6345296127826702, 0.9100615542424858, 0.4921508717359709], 
[0.5913223939417412, 0.8077976882757166, 0.5609810785526356], 
[0.5537013018162017, 0.8262741814130936, 0.610742808116713], 
[0.5097770063578466, 0.9246331844658892, 0.511678766518301], 
[0.49098324670348054, 0.8203120787190327, 0.49972441061369294], 
[0.593344481508037, 0.651167123236159, 0.5148599212737585], 
[0.5520310442165466, 0.8929279522651911, 0.583788512254391], 
[0.43326806444764854, 0.8763824630749495, 0.3028955531331973], 
[0.5166972464885123, 0.5878720001523995, 0.48255738063345915], 
[0.4881067215808453, 0.5132182303511598, 0.5225917440935], 
[0.4132646985462234, 0.5599146284456681, 0.7190140353223063], 
[0.7986818113737018, 0.601369446739261, 0.7059640056664603], 
[0.6354495214274722, 0.6116819854409111, 0.3770049342070076], 
[0.4139911030679637, 0.5199657868611761, 0.11908415981259113], 
[0.599658835279658, 0.9126028831698546, 0.6109744945699268], 
[0.45403884566238556, 0.7128621610422662, 0.4484446745385077], 
[0.5044114484588568, 0.8249670162476134, 0.4422433797435004], 
[0.5243090496535981, 0.5947337327783875, 0.5092069601318518], 
[0.7566918857673758, 0.7493252166763336, 0.4765744067151161], 
[0.5290604405171467, 0.6613107948485054, 0.49707261176854406], 
[0.559982316947353, 0.5053160610291828, 0.39162457263523126], 
[0.41333299034074505, 0.5321937612090788, 0.5593180108881765], 
[0.511290280638876, 0.8732099285487314, 0.5024276895658039], 
[0.48094172197579654, 0.5546149524529894, 0.5470476466685746], 
[0.8048099261642633, 0.8105204458846429, 0.6682138682219], 
[0.5560119632775975, 0.8186642198437898, 0.27742839857565155], 
[0.44724633860985286, 0.6131436390725516, 0.4360707498208008], 
[0.4359194488922656, 0.6801636677897341, 0.7657574886423467], 
[0.4911494895633013, 0.5101758994712885, 0.6849523394633956], 
[0.44155111809164604, 0.8628091844141936, 0.5882285181844376], 
[0.3942133673228814, 0.5779728716644852, 0.23702067705525479], 
[0.6400792736103912, 0.5062897776463943, 0.40926248750332944], 
[0.510253639961162, 0.8175041244448037, 0.6230078592098383], 
[0.5000227687858089, 0.5040415306550375, 0.49997999244513497], 
[0.5556648075974762, 0.7926074051583596, 0.3959308773147285], 
[0.8114479649907489, 0.6850506554346074, 0.5820479570720049], 
[0.4792958027580548, 0.852018755447153, 0.5177828454539853], 
[0.5588828668177515, 0.9113085975319457, 0.2657587275547855], 
[0.5007092150180185, 0.5053400462857093, 0.5074477456957389], 
[0.7031396641496718, 0.5409973521391941, 0.6729532241453113], 
[0.4996277523402805, 0.8070877851467252, 0.5056155526963094], 
[0.4993543752153369, 0.6061383744389716, 0.4999491780832432], 
[0.21340365645752382, 0.6606416036559897, 0.7569232887270694], 
[0.4727911890700513, 0.902548976220979, 0.5916502577790785], 
[0.4836945449978827, 0.6731967560194733, 0.5934287032270517], 
[0.4656467537009675, 0.5768204924374333, 0.09435605530034723], 
[0.458775859438803, 0.6152277105591576, 0.5429432914730979], 
[0.5399320456189399, 0.7741099209869656, 0.4935543104798393], 
[0.645589558605158, 0.7003470697338009, 0.7130917293452493], 
[0.3630693200986404, 0.5337902178473496, 0.41097606103783463], 
[0.3384322685783691, 0.5431057923412503, 0.22870472427570684], 
[0.6184287571083916, 0.7375628445121333, 0.6486629964076113], 
[0.28523760410465077, 0.8968815314864403, 0.33076196187129053], 
[0.5193399495721399, 0.5095669710088858, 0.49242303911163493], 
[0.24525958090829378, 0.6045268249039419, 0.18725587608601177], 
[0.5550641037195448, 0.724135934342733, 0.1497314060444638], 
[0.26971391198434086, 0.6889842368992319, 0.7982260484220233], 
[0.5981152802581059, 0.513964758353162, 0.6477227776731096], 
[0.6880651928546494, 0.525382727703933, 0.5756318715408374], 
[0.7636925001403182, 0.5737304077561425, 0.4978555921365002], 
[0.4912836272495222, 0.5874847134100512, 0.467306625566318], 
[0.4805886054741648, 0.5411471853517261, 0.6342203961292127], 
[0.3763145866667928, 0.5439101530678311, 0.47916006824648166], 
[0.5011786161937152, 0.5204934616410152, 0.5073643068323356], 
[0.661783188802866, 0.8314044459157536, 0.3986440043159793], 
[0.524234721432065, 0.5840841202930053, 0.3386759140271141], 
[0.5006871754706052, 0.5151230903176122, 0.5022687158432397], 
[0.6507015320328084, 0.7078713078913532, 0.6516006987537591], 
[0.5098803875395351, 0.5280308423085334, 0.5092759493857154], 
[0.3766255905054481, 0.86161255542088, 0.23023259533352716], 
[0.2961363997677501, 0.6261258413453844, 0.5828997928759119], 
[0.4341886891414073, 0.7895683203311458, 0.44844004661721826], 
[0.49054438867703404, 0.7196207982489501, 0.6018449328762446], 
[0.5089571253062215, 0.5001383880899185, 0.49543477891100446], 
[0.48742550504597526, 0.5441657016750511, 0.4956667240205175], 
[0.36038678073827496, 0.956786595204956, 0.4025223136838431], 
[0.6454435775907787, 0.6879730744827878, 0.6321250017793791], 
[0.4367874149877961, 0.5864063521540136, 0.7761487063464555], 
[0.5101244689323238, 0.5158559317868078, 0.492049588937306], 
[0.459433285025687, 0.8186791740325088, 0.41429047800461244], 
[0.49179141350826977, 0.5653697042551961, 0.36172805930139695], 
[0.32825532197439405, 0.649032367704394, 0.4926705338083294], 
[0.33096744278409457, 0.6103926947167994, 0.938212791875655], 
[0.5169004750538617, 0.9358498939683795, 0.5336840810744056], 
[0.7404424007380158, 0.9108605918704988, 0.5071689398820957], 
[0.3646009176220821, 0.9544814624562279, 0.6302373520734661], 
[0.2239494275309284, 0.8345001573593381, 0.5957021403373103], 
[0.4683315284878869, 0.9228445693698942, 0.5078250184214498], 
[0.740681551684967, 0.7670552281760455, 0.7404374215444242], 
[0.5667012988218753, 0.9826654105515372, 0.403371907772672], 
[0.5391053240939948, 0.7856672039324527, 0.4072356409587796], 
[0.5060524304161483, 0.6011471864278516, 0.4866366059443443], 
[0.5534218160854998, 0.548358626007729, 0.5648942331183966], 
[0.48283503625877283, 0.6545908353456715, 0.518798147333961], 
[0.5589258484995534, 0.9716813585728473, 0.6223202469502911], 
[0.5961391240009437, 0.5032341653458668, 0.7675974974610439], 
[0.615072201170789, 0.6133485809164217, 0.4650019494434747], 
[0.5260173619502969, 0.5738936906265648, 0.4777503462676173], 
[0.5662060018576386, 0.5259258490647943, 0.4483782939645152], 
[0.5332404421108388, 0.6068324766296581, 0.1426339144468304], 
[0.5413369485150125, 0.5936701225036878, 0.4868346401233963], 
[0.5398292212070235, 0.5761489486123402, 0.48344963499240284], 
[0.5372386304134225, 0.7888639817781892, 0.4027655028201718], 
[0.7162459440879531, 0.862077600409247, 0.7061652738517905], 
[0.4312496048641907, 0.8642127786290823, 0.5693328632981293], 
[0.3453062583875586, 0.8975999594141109, 0.5488336312440846], 
[0.5649808508862316, 0.8773571188707227, 0.36203008316436663], 
[0.3711795116916076, 0.6240315895053073, 0.5436111243671514], 
[0.42857230354068193, 0.6124071751223854, 0.5343240896141532], 
[0.6000207411163982, 0.7129211083513045, 0.4617858174418392], 
[0.4542344395091014, 0.788319770481808, 0.1351409478733053], 
[0.5421248403156824, 0.7327271476088617, 0.4588759304931769], 
[0.42364168373262956, 0.6568620341030863, 0.12212932980413149], 
[0.4948412102920204, 0.8514197655600793, 0.4734683071618028], 
[0.5199978511588318, 0.5539095583579082, 0.4462097546554928], 
[0.4963511875600468, 0.5491489291464086, 0.4943979922932606], 
[0.5115297007805222, 0.5602975836617826, 0.4857716707926134], 
[0.5058538411396888, 0.5283181937935192, 0.4891660840832535], 
[0.3800097766418995, 0.8285292555070888, 0.47133734690232015], 
[0.4741987972974009, 0.5649685600937141, 0.4763898624775296], 
[0.5942716949083999, 0.7757206615125907, 0.6014247454795388], 
[0.3241631841039155, 0.8363834703052312, 0.7580032256172274], 
[0.4854107024680576, 0.596956974205742, 0.699930809679509], 
[0.45882519458320603, 0.5347608338433414, 0.36604664755168664], 
[0.544696507579453, 0.7899119266713469, 0.12796012001794246], 
[0.20247507626564165, 0.7991415784664242, 0.27224566246120474], 
[0.5867614988962929, 0.845165412120128, 0.36283364248877864], 
[0.5561463813357636, 0.5788661703468557, 0.6817136091389587], 
[0.5282511362651248, 0.9727115317757412, 0.48040402317303], 
[0.5146707459644151, 0.6158349574575285, 0.4784677516163854], 
[0.5390518837509644, 0.6017803813829895, 0.6024849449763351], 
[0.4537105473658441, 0.5409435227403218, 0.4960336418615298], 
[0.3423081659498554, 0.7716914302042982, 0.6965157503460837], 
[0.38106901114313924, 0.6470733124006429, 0.38420886059684817], 
[0.20455685815173577, 0.8629908367470467, 0.6252242220474328], 
[0.6479339400931801, 0.6280010160099856, 0.5241084955441631], 
[0.3025288977822667, 0.6117494587016129, 0.7225977326813853], 
[0.6386934918898376, 0.7148099360731042, 0.7594436318245986], 
[0.2507631104922133, 0.5450633436854684, 0.5538844606762963], 
[0.5575155141480137, 0.5642077776867204, 0.4690497611553919], 
[0.6392537855969855, 0.7665359815962823, 0.36960925771329584], 
[0.4860456367181787, 0.6070532154522096, 0.365022436590976], 
[0.6206496566917289, 0.6457184408864016, 0.6609886783071118], 
[0.4202115079563385, 0.5626900669181779, 0.6119288754102487], 
[0.4287503852841432, 0.8283690426906629, 0.5181148252923152], 
[0.3500997228655855, 0.6537593968377415, 0.35759097858632716], 
[0.6276971550784912, 0.6259409365402101, 0.34291221854480464], 
[0.23107231424613184, 0.8332239009405186, 0.3989327241001586], 
[0.500919171648467, 0.6009255831849386, 0.4784619317906155], 
[0.3632008321926503, 0.5044616167980465, 0.45652983254988033], 
[0.6643256652607884, 0.8135594719626601, 0.32837615059508424], 
[0.5736658035503565, 0.7031264279993173, 0.7491447807271944], 
[0.36094028928790395, 0.9611354447904237, 0.6338386369666659], 
[0.4006293413379219, 0.8639933135494854, 0.5156859563916975], 
[0.9447782792594103, 0.5262802958100803, 0.6950217011325445], 
[0.8375388802407975, 0.6834517248033626, 0.7503143164265068], 
[0.30453180709780064, 0.5589779085641089, 0.6707434110343224], 
[0.6995039331702282, 0.7710854969270167, 0.3007831184975036], 
[0.3727519455943405, 0.6323127012893682, 0.2848865251215477], 
[0.5002235798548361, 0.5397597958513874, 0.5016551679962956], 
[0.5294193590652235, 0.7974431105968834, 0.4659616722817888], 
[0.5553125791702647, 0.6978066404928648, 0.5130795692660265], 
[0.5087685538290646, 0.800786826972047, 0.5083986583806733], 
[0.5330476528954042, 0.5187747909209391, 0.44977764028963874], 
[0.5374521710911774, 0.5137624463271857, 0.47767055940105646], 
[0.3587581255161105, 0.6090468070471683, 0.4289903013566581], 
[0.7676969489684948, 0.6209677015954232, 0.34310344295942724], 
[0.518626792632305, 0.7868599333802657, 0.5000762079905108], 
[0.7908903848349844, 0.8589209674159736, 0.6432442210959918], 
[0.6679388752536068, 0.763587781782709, 0.44913047322717964], 
[0.5013403919345835, 0.5069491009009027, 0.4990312656809998], 
[0.503650615578087, 0.6413183603257784, 0.4360665421929759], 
[0.34528181343961745, 0.658850018121739, 0.5379995405387171], 
[0.38144140622944933, 0.5155460742808274, 0.6007256658285048], 
[0.746028481527721, 0.5877865375783351, 0.3415840972728144], 
[0.4670754797227878, 0.5461209333759905, 0.1787689190121884], 
[0.5635173437019306, 0.5484269726692592, 0.545485052230492], 
[0.6199637266550192, 0.8817040309163785, 0.48659539726616163], 
[0.386530365719621, 0.760560661401799, 0.36521809748642137], 
[0.1189209160695411, 0.6581052177281975, 0.2496978862376603], 
[0.4931291497304409, 0.5316486556145031, 0.49832374261986745], 
[0.4118122335141788, 0.5855268680049196, 0.49973875882489915], 
[0.4701968003223273, 0.5708549434070195, 0.540810482035582], 
[0.21250549964376145, 0.5177198206314643, 0.6874568318173765], 
[0.4077823430461586, 0.5235423991572177, 0.4789458117617556], 
[0.29097608382168744, 0.5444586031693901, 0.33047455210496324], 
[0.44116595216695714, 0.8101735092642052, 0.40811765172418085], 
[0.18390593604658934, 0.7204983524578528, 0.18678199122402742], 
[0.4563720202585257, 0.5683939906765288, 0.43043265279091886], 
[0.5633567837639425, 0.5416742847706102, 0.42936468986204973], 
[0.45809236877620113, 0.6778544703682874, 0.4416018427253547], 
[0.4918939981316144, 0.6610176399383941, 0.4818581885468151], 
[0.4998650430218247, 0.5012624730008463, 0.49954030689550316], 
[0.568797494197505, 0.5923420118305981, 0.599539430070741], 
[0.4733529498326115, 0.5064222767745685, 0.24259662056913475], 
[0.5709078796639864, 0.8822776431165705, 0.5680598034194532], 
[0.3020798030976404, 0.5217616705829637, 0.628122172714083], 
[0.47946637594471153, 0.868112827033022, 0.488328228427176], 
[0.6361250328112921, 0.8125021016951592, 0.5302973928798494], 
[0.687883582034947, 0.5400812423323306, 0.9073800916785496], 
[0.46705535861601977, 0.9166490204712927, 0.5203812653660412], 
[0.48379204968144807, 0.5854988989377397, 0.561532621595521], 
[0.5032531224104513, 0.989330250907764, 0.4553808065386154], 
[0.49563668377441156, 0.6565434028317411, 0.49225322493417073], 
[0.44899256061866333, 0.6913224392202233, 0.5312728143808304], 
[0.6789354454949494, 0.6040297176006983, 0.17060347994495018], 
[0.5072705063292517, 0.6023635300860763, 0.45921127653669025], 
[0.5049992459593431, 0.5683170839909771, 0.49938984108154455], 
[0.4480634504061874, 0.7739236303679635, 0.5626222405667304], 
[0.6521225558314135, 0.5394190032981637, 0.6253062750705612], 
[0.4155053055356836, 0.5467266298021419, 0.18762590996027942], 
[0.5004413973207621, 0.5121935322352592, 0.49933174024023436], 
[0.6268196394653791, 0.5912995622393424, 0.5242868104589632], 
[0.5485988119939189, 0.9669954641875949, 0.579576068796405], 
[0.6289569677687705, 0.618645893740721, 0.6477874394564398], 
[0.2609332860591362, 0.5863449400645075, 0.652883933960218], 
[0.4987191732534235, 0.9573405626370155, 0.49925505798127134], 
[0.5505633335545332, 0.9935333614218006, 0.5589877115531035], 
[0.7638185577088986, 0.631744810208668, 0.45652856851495116], 
[0.8635320375875658, 0.6334199398736472, 0.41239259625418095], 
[0.47654893409245735, 0.6560415725915913, 0.4313814667364007], 
[0.5024377631757834, 0.5912490493515361, 0.5050560282808482], 
[0.529939628560128, 0.6498495237979016, 0.23796912427218295], 
[0.36639554681110537, 0.7877759057434633, 0.5179746929918864], 
[0.4401271783776741, 0.543725100503846, 0.4889444034533741], 
[0.6256198714207183, 0.6551366006904457, 0.47446745721997247], 
[0.4283919359447757, 0.5080060803001428, 0.4122680787353002], 
[0.5404172223260834, 0.5566087992930354, 0.4468834430390447], 
[0.5082785503231466, 0.5468570858684286, 0.5293806913063707], 
[0.6951507694175159, 0.567685604241522, 0.14640064313428644], 
[0.48306090722859013, 0.7623965217742867, 0.4054812816663062], 
[0.2587452483084522, 0.8784239713392711, 0.42805091685914126], 
[0.3854493167989326, 0.6140171223092711, 0.3395221905990294], 
[0.2562907759653757, 0.597040269195015, 0.6705714454758581], 
[0.4767175706077962, 0.8434563751187039, 0.702801115642861], 
[0.5945315563204133, 0.7883150860926835, 0.3967463534455716], 
[0.4025868117785374, 0.8601291094798853, 0.5703258408385973], 
[0.7878174234983387, 0.6623123051955204, 0.3604532154611089], 
[0.47655635314074063, 0.5773536416234383, 0.6345666974222915], 
[0.7130318173338571, 0.6715106114995448, 0.5674185357527107], 
[0.4867006431143001, 0.5330029222425171, 0.48172880867122386], 
[0.5009375158306265, 0.7304808982563452, 0.8154105467500461], 
[0.5136342759438737, 0.5077647975083127, 0.5281605003934757], 
[0.24202325478484765, 0.5752474620314997, 0.2985442332593605], 
[0.5743579107848332, 0.5246798207464337, 0.5199071000313075], 
[0.3117004439809608, 0.9188926023544036, 0.3736325470225894], 
[0.5061025561317349, 0.534314538321173, 0.532248293301269], 
[0.26593097709731417, 0.7125480678921322, 0.680023803208048], 
[0.42879562690210754, 0.8432090982142681, 0.21742575153419819], 
[0.5001908352536003, 0.5020254066389042, 0.5004841908189414], 
[0.1145996586734938, 0.6783730503733088, 0.7270336438856907], 
[0.8146313777942277, 0.7160103617318608, 0.6258138346511216], 
[0.552231379763837, 0.7380881131364866, 0.4125052278067671], 
[0.4910619748879077, 0.5373414424230591, 0.4713407092986328], 
[0.32730087250780826, 0.5014019230667809, 0.7625276122629617], 
[0.3705177416075836, 0.945464492614875, 0.6577527246773506], 
[0.44904922760763094, 0.5104075384022883, 0.5480261950704541], 
[0.49558055062512074, 0.6895624989786966, 0.5050618374998651], 
[0.5153595866152115, 0.706933123169799, 0.45938333661730274], 
[0.5006959751717223, 0.5088067382655947, 0.5010471747410112], 
[0.5639768958101082, 0.8408064888930841, 0.4311343817988578], 
[0.45631628588209394, 0.6100538522623481, 0.476134259386734], 
[0.5015518456130018, 0.6489411230537133, 0.5208377414662629], 
[0.12918309525625626, 0.579036498812262, 0.3606764281190018], 
[0.5712761191200798, 0.6179324274589431, 0.46969279766489347], 
[0.31032394121515083, 0.7663330455992231, 0.4095581076597801], 
[0.6256002046082797, 0.5697634401424847, 0.2295152751441106], 
[0.5284267467205231, 0.5180161108303304, 0.4745874164117723], 
[0.500178041787751, 0.5321997877952157, 0.4999430382401669], 
[0.4092215645401281, 0.5617247935525131, 0.49953364720718757], 
[0.4841726443011763, 0.5619837625235399, 0.45620442005255146]])
