([[-1.5607966601082315], 
[-1.5607565034974709], 
[-1.560716023075849], 
[-1.560675214910974], 
[-1.560634075006524], 
[-1.5605925993009424], 
[-1.5605507836661008], 
[-1.5605086239059305], 
[-1.5604661157550181], 
[-1.560423254877168], 
[-1.560380036863927], 
[-1.560336457233074], 
[-1.5602925114270703], 
[-1.5602481948114706], 
[-1.5602035026732943], 
[-1.5601584302193552], 
[-1.560112972574547], 
[-1.5600671247800872], 
[-1.5600208817917134], 
[-1.559974238477833], 
[-1.5599271896176263], 
[-1.5598797298990983], 
[-1.5598318539170788], 
[-1.5597835561711721], 
[-1.5597348310636499], 
[-1.5596856728972892], 
[-1.5596360758731513], 
[-1.5595860340883028], 
[-1.5595355415334728], 
[-1.559484592090649], 
[-1.5594331795306058], 
[-1.5593812975103665], 
[-1.5593289395705947], 
[-1.5592760991329135], 
[-1.5592227694971523], 
[-1.5591689438385128], 
[-1.5591146152046598], 
[-1.5590597765127272], 
[-1.5590044205462408], 
[-1.558948539951953], 
[-1.5588921272365868], 
[-1.5588351747634872], 
[-1.5587776747491755], 
[-1.558719619259804], 
[-1.5586610002075068], 
[-1.5586018093466447], 
[-1.55854203826994], 
[-1.558481678404495], 
[-1.5584207210076952], 
[-1.5583591571629878], 
[-1.5582969777755349], 
[-1.5582341735677356], 
[-1.5581707350746117], 
[-1.5581066526390543], 
[-1.5580419164069228], 
[-1.557976516321996], 
[-1.5579104421207641], 
[-1.5578436833270612], 
[-1.557776229246529], 
[-1.5577080689609064], 
[-1.5576391913221408], 
[-1.5575695849463091], 
[-1.5574992382073485], 
[-1.5574281392305824], 
[-1.5573562758860424], 
[-1.5572836357815685], 
[-1.557210206255688], 
[-1.5571359743702602], 
[-1.557060926902878], 
[-1.556985050339018], 
[-1.5569083308639295], 
[-1.5568307543542523], 
[-1.5567523063693498], 
[-1.5566729721423507], 
[-1.5565927365708845], 
[-1.5565115842075], 
[-1.556429499249753], 
[-1.55634646552995], 
[-1.5562624665045364], 
[-1.556177485243109], 
[-1.5560915044170451], 
[-1.5560045062877244], 
[-1.5559164726943326], 
[-1.555827385041226], 
[-1.5557372242848413], 
[-1.555645970920127], 
[-1.55555360496648], 
[-1.5554601059531672], 
[-1.5553654529042018], 
[-1.5552696243226622], 
[-1.5551725981744198], 
[-1.555074351871253], 
[-1.554974862253323], 
[-1.554874105570977], 
[-1.5547720574658543], 
[-1.5546686929512603], 
[-1.554563986391777], 
[-1.5544579114820734], 
[-1.554350441224881], 
[-1.5542415479080942], 
[-1.554131203080956], 
[-1.5540193775292834], 
[-1.553906041249692], 
[-1.5537911634227668], 
[-1.5536747123851322], 
[-1.5535566556003668], 
[-1.553436959628708], 
[-1.5533155900954843], 
[-1.5531925116582173], 
[-1.5530676879723229], 
[-1.5529410816553442], 
[-1.5528126542496417], 
[-1.552682366183463], 
[-1.5525501767303076], 
[-1.5524160439665016], 
[-1.5522799247268875], 
[-1.5521417745585324], 
[-1.5520015476723483], 
[-1.5518591968925157], 
[-1.5517146736035938], 
[-1.5515679276951895], 
[-1.5514189075040565], 
[-1.5512675597534828], 
[-1.5511138294898168], 
[-1.550957660015972], 
[-1.550798992821746], 
[-1.550637767510769], 
[-1.5504739217238912], 
[-1.5503073910588083], 
[-1.5501381089857043], 
[-1.5499660067586796], 
[-1.5497910133227197], 
[-1.549613055215937], 
[-1.549432056466805], 
[-1.5492479384860822], 
[-1.5490606199531038], 
[-1.5488700166960965], 
[-1.5486760415661411], 
[-1.5484786043043974], 
[-1.5482776114021535], 
[-1.5480729659532555], 
[-1.547864567498421], 
[-1.547652311860915], 
[-1.547436090973022], 
[-1.5472157926927095], 
[-1.5469913006098266], 
[-1.546762493841139], 
[-1.5465292468134375], 
[-1.546291429033907], 
[-1.5460489048468737], 
[-1.5458015331759765], 
[-1.5455491672507347], 
[-1.5452916543164017], 
[-1.5450288353258959], 
[-1.544760544612509], 
[-1.5444866095419745], 
[-1.544206850142363], 
[-1.5439210787101398], 
[-1.5436290993905735], 
[-1.543330707730525], 
[-1.5430256902014756], 
[-1.5427138236904574], 
[-1.542394874956336], 
[-1.542068600048667], 
[-1.5417347436860835], 
[-1.5413930385908916], 
[-1.5410432047762315], 
[-1.5406849487818142], 
[-1.5403179628538508], 
[-1.5399419240643706], 
[-1.5395564933646284], 
[-1.5391613145667842], 
[-1.5387560132474296], 
[-1.5383401955658773], 
[-1.5379134469893847], 
[-1.5374753309166493], 
[-1.5370253871899826], 
[-1.5365631304855158], 
[-1.5360880485696218], 
[-1.5355996004083983], 
[-1.5350972141155728], 
[-1.534580284722485], 
[-1.534048171751901], 
[-1.5335001965752295], 
[-1.5329356395302578], 
[-1.5323537367737086], 
[-1.5317536768397295], 
[-1.5311345968717691], 
[-1.5304955784911152], 
[-1.529835643260581], 
[-1.5291537476963082], 
[-1.5284487777743208], 
[-1.527719542871135], 
[-1.526964769069259], 
[-1.526183091748594], 
[-1.5253730473733196], 
[-1.5245330643705397], 
[-1.523661452981396], 
[-1.522756393947134], 
[-1.5218159258711694], 
[-1.5208379310729538], 
[-1.5198201197195833], 
[-1.5187600119856803], 
[-1.5176549179499612], 
[-1.5165019148865906], 
[-1.5152978215491797], 
[-1.5140391689728032], 
[-1.5127221672319426], 
[-1.5113426674862398], 
[-1.5098961185169086], 
[-1.5083775167989393], 
[-1.5067813489605526], 
[-1.5051015252424318], 
[-1.503331302272992], 
[-1.501463193106688], 
[-1.4994888620096063], 
[-1.497399000893285], 
[-1.4951831835580667], 
[-1.4928296929633542], 
[-1.4903253155294358], 
[-1.4876550949064553], 
[-1.484802035600656], 
[-1.4817467441603986], 
[-1.4784669920632976], 
[-1.4749371796848834], 
[-1.4711276743037347], 
[-1.4670039863378537], 
[-1.4625257359344404], 
[-1.457645345204412], 
[-1.4523063676367587], 
[-1.446441332248135], 
[-1.4399689307208396], 
[-1.432790303137377], 
[-1.424784069083621], 
[-1.4157995848709555], 
[-1.4056476493802699], 
[-1.3940874707248598], 
[-1.3808080388761805], 
[-1.365400937605129], 
[-1.3473197256542633], 
[-1.3258176636680326], 
[-1.2998494764564756], 
[-1.2679114584199243], 
[-1.227772386374193], 
[-1.176005207095134], 
[-1.1071487177940904], 
[-1.0121970114513326], 
[-0.8760580505981888], 
[-0.674740942223551], 
[-0.3805063771123575], 
[0.0], 
[0.3805063771123698], 
[0.6747409422235596], 
[0.8760580505981945], 
[1.0121970114513366], 
[1.1071487177940904], 
[1.176005207095136], 
[1.2277723863741945], 
[1.2679114584199254], 
[1.2998494764564767], 
[1.3258176636680326], 
[1.347319725654264], 
[1.3654009376051297], 
[1.380808038876181], 
[1.3940874707248603], 
[1.4056476493802699], 
[1.4157995848709557], 
[1.4247840690836215], 
[1.4327903031373772], 
[1.4399689307208399], 
[1.446441332248135], 
[1.452306367636759], 
[1.4576453452044122], 
[1.4625257359344406], 
[1.467003986337854], 
[1.4711276743037347], 
[1.4749371796848836], 
[1.4784669920632978], 
[1.4817467441603989], 
[1.484802035600656], 
[1.4876550949064553], 
[1.4903253155294358], 
[1.4928296929633544], 
[1.495183183558067], 
[1.497399000893285], 
[1.4994888620096063], 
[1.501463193106688], 
[1.503331302272992], 
[1.505101525242432], 
[1.5067813489605526], 
[1.5083775167989393], 
[1.5098961185169086], 
[1.5113426674862398], 
[1.5127221672319426], 
[1.5140391689728032], 
[1.5152978215491797], 
[1.5165019148865906], 
[1.5176549179499612], 
[1.5187600119856803], 
[1.5198201197195833], 
[1.5208379310729538], 
[1.5218159258711694], 
[1.522756393947134], 
[1.523661452981396], 
[1.5245330643705397], 
[1.5253730473733196], 
[1.526183091748594], 
[1.526964769069259], 
[1.527719542871135], 
[1.5284487777743208], 
[1.5291537476963082], 
[1.529835643260581], 
[1.5304955784911152], 
[1.5311345968717691], 
[1.5317536768397297], 
[1.5323537367737086], 
[1.5329356395302578], 
[1.5335001965752295], 
[1.534048171751901], 
[1.534580284722485], 
[1.5350972141155728], 
[1.5355996004083983], 
[1.5360880485696218], 
[1.5365631304855158], 
[1.5370253871899826], 
[1.5374753309166493], 
[1.5379134469893847], 
[1.5383401955658773], 
[1.5387560132474296], 
[1.5391613145667842], 
[1.5395564933646284], 
[1.5399419240643706], 
[1.5403179628538508], 
[1.5406849487818142], 
[1.5410432047762315], 
[1.5413930385908916], 
[1.5417347436860835], 
[1.542068600048667], 
[1.542394874956336], 
[1.5427138236904574], 
[1.5430256902014756], 
[1.543330707730525], 
[1.5436290993905735], 
[1.5439210787101398], 
[1.544206850142363], 
[1.5444866095419745], 
[1.544760544612509], 
[1.5450288353258959], 
[1.5452916543164017], 
[1.5455491672507347], 
[1.5458015331759765], 
[1.5460489048468737], 
[1.546291429033907], 
[1.5465292468134375], 
[1.546762493841139], 
[1.5469913006098266], 
[1.5472157926927095], 
[1.547436090973022], 
[1.547652311860915], 
[1.547864567498421], 
[1.5480729659532555], 
[1.5482776114021535], 
[1.5484786043043974], 
[1.5486760415661411], 
[1.5488700166960965], 
[1.5490606199531038], 
[1.5492479384860822], 
[1.549432056466805], 
[1.549613055215937], 
[1.5497910133227197], 
[1.5499660067586796], 
[1.5501381089857043], 
[1.5503073910588083], 
[1.5504739217238912], 
[1.550637767510769], 
[1.550798992821746], 
[1.550957660015972], 
[1.5511138294898168], 
[1.5512675597534828], 
[1.5514189075040565], 
[1.5515679276951895], 
[1.5517146736035938], 
[1.5518591968925157], 
[1.5520015476723483], 
[1.5521417745585324], 
[1.5522799247268875], 
[1.5524160439665016], 
[1.5525501767303076], 
[1.552682366183463], 
[1.5528126542496417], 
[1.5529410816553442], 
[1.5530676879723229], 
[1.5531925116582173], 
[1.5533155900954843], 
[1.553436959628708], 
[1.5535566556003668], 
[1.5536747123851322], 
[1.5537911634227668], 
[1.553906041249692], 
[1.5540193775292834], 
[1.554131203080956], 
[1.5542415479080942], 
[1.554350441224881], 
[1.5544579114820734], 
[1.554563986391777], 
[1.5546686929512603], 
[1.5547720574658543], 
[1.554874105570977], 
[1.554974862253323], 
[1.555074351871253], 
[1.5551725981744198], 
[1.5552696243226622], 
[1.5553654529042018], 
[1.5554601059531672], 
[1.5555536049664802], 
[1.555645970920127], 
[1.5557372242848413], 
[1.555827385041226], 
[1.5559164726943326], 
[1.5560045062877244], 
[1.5560915044170451], 
[1.556177485243109], 
[1.5562624665045364], 
[1.55634646552995], 
[1.556429499249753], 
[1.5565115842075], 
[1.5565927365708845], 
[1.5566729721423507], 
[1.5567523063693498], 
[1.5568307543542523], 
[1.5569083308639295], 
[1.556985050339018], 
[1.557060926902878], 
[1.5571359743702602], 
[1.557210206255688], 
[1.5572836357815685], 
[1.5573562758860424], 
[1.5574281392305824], 
[1.5574992382073485], 
[1.5575695849463094], 
[1.5576391913221408], 
[1.5577080689609064], 
[1.557776229246529], 
[1.5578436833270612], 
[1.5579104421207641], 
[1.557976516321996], 
[1.5580419164069228], 
[1.5581066526390543], 
[1.5581707350746117], 
[1.5582341735677356], 
[1.5582969777755349], 
[1.5583591571629878], 
[1.5584207210076952], 
[1.558481678404495], 
[1.55854203826994], 
[1.5586018093466447], 
[1.5586610002075068], 
[1.558719619259804], 
[1.5587776747491755], 
[1.5588351747634872], 
[1.5588921272365868], 
[1.558948539951953], 
[1.5590044205462408], 
[1.5590597765127272], 
[1.5591146152046598], 
[1.5591689438385128], 
[1.5592227694971523], 
[1.5592760991329135], 
[1.5593289395705947], 
[1.5593812975103665], 
[1.5594331795306058], 
[1.559484592090649], 
[1.5595355415334728], 
[1.5595860340883028], 
[1.5596360758731513], 
[1.5596856728972892], 
[1.5597348310636499], 
[1.5597835561711721], 
[1.5598318539170788], 
[1.5598797298990983], 
[1.5599271896176263], 
[1.559974238477833], 
[1.5600208817917134], 
[1.5600671247800872], 
[1.560112972574547], 
[1.5601584302193552], 
[1.5602035026732943], 
[1.5602481948114706], 
[1.5602925114270703], 
[1.560336457233074], 
[1.560380036863927], 
[1.560423254877168], 
[1.5604661157550181], 
[1.5605086239059305], 
[1.5605507836661008], 
[1.5605925993009424], 
[1.560634075006524], 
[1.560675214910974], 
[1.560716023075849], 
[1.5607565034974709]])
