([[233.18592868359582], 
[212.81321457429615], 
[220.9535958835172], 
[262.6204229677922], 
[127.28534606455914], 
[207.89704788012105], 
[222.33983819428735], 
[150.77859467710988], 
[163.57915225649546], 
[34.969985473962026], 
[332.54191960104976], 
[62.79234941339702], 
[282.2743527885252], 
[200.07156425256883], 
[355.2371917714185], 
[192.62398254212712], 
[288.0359086509809], 
[341.4497039826684], 
[222.40185574009547], 
[16.24617959792577], 
[95.89606424797111], 
[277.60705511004807], 
[47.10551039754143], 
[333.24945598798837], 
[16.81643516954381], 
[145.66863465319378], 
[168.8216641583394], 
[307.47882251942485], 
[143.56076637395623], 
[62.96522685005261], 
[118.49412136227491], 
[233.5198033587311], 
[226.63799319482183], 
[1.0157556616813632], 
[116.57577813042025], 
[194.01796244926248], 
[282.9265542309697], 
[311.13108551153726], 
[26.98303904431465], 
[244.73005526629373], 
[76.19264275909146], 
[64.65079883729867], 
[303.38545281592656], 
[229.86911012197888], 
[109.0667161177033], 
[268.36332150058934], 
[301.47683069777673], 
[269.7197976282758], 
[230.14385841796562], 
[326.9492264254709], 
[271.8506641438771], 
[175.66434156256912], 
[307.72544435121563], 
[129.32610243108337], 
[112.82916254601545], 
[134.67356007314578], 
[53.32100982502192], 
[74.5629763711089], 
[231.07191840636915], 
[125.98144804342999], 
[73.38069027167278], 
[305.5709053716149], 
[110.01660399766803], 
[47.075909998365354], 
[186.83034550709482], 
[225.06563758797847], 
[182.1807897633013], 
[234.3022488263971], 
[248.8329126085206], 
[108.3372732587623], 
[221.0805212684345], 
[165.29013603564977], 
[47.80114113874202], 
[21.150884318423152], 
[231.99781644655434], 
[266.0787821354754], 
[333.03842677470357], 
[338.6411026280912], 
[208.05578038042248], 
[195.2291807131313], 
[44.48596999848931], 
[182.352855189469], 
[209.0367096581979], 
[300.37621452858787], 
[273.90617664942783], 
[327.61929109656063], 
[55.10500767408498], 
[19.58766047109224], 
[28.43362547712439], 
[222.2572604719689], 
[26.07337452286339], 
[30.5610795077932], 
[52.776585454114176], 
[220.09950999807828], 
[239.07718949538875], 
[295.1036086811539], 
[355.4536130875074], 
[49.1720023905498], 
[163.49873732198748], 
[324.5037955068675], 
[237.3013206930822], 
[304.36379917762144], 
[221.709313595689], 
[243.31878787221467], 
[137.0908786388283], 
[218.2259283762696], 
[297.6739293320365], 
[354.7639373030412], 
[289.4426646323285], 
[81.07477884997047], 
[72.68984731799166], 
[30.306300690339647], 
[314.3295210456117], 
[332.86466572449746], 
[308.50671152384774], 
[259.22731559793647], 
[145.31129578364207], 
[214.3331782106805], 
[142.80275778928853], 
[100.83419827439799], 
[195.24427176938698], 
[223.71208513028105], 
[70.46782187343877], 
[302.66338441205113], 
[233.56115409195507], 
[157.8355052096374], 
[276.3708879681106], 
[2.4338879942946083], 
[308.3184974099503], 
[342.7663066949962], 
[281.2660034775973], 
[199.67181914332158], 
[229.06023552630913], 
[179.10051694168843], 
[142.2173481694291], 
[44.842117017654566], 
[33.14742966007533], 
[60.89886829618731], 
[192.4005105595911], 
[189.48701292187636], 
[168.55595390361705], 
[34.733328475738055], 
[192.36377714918783], 
[230.28515394380122], 
[160.24539791606384], 
[206.62591895242178], 
[75.80976204541206], 
[143.10925096303464], 
[85.05397197198926], 
[319.6958383522637], 
[327.68411895954966], 
[340.0741085856373], 
[101.67586799972392], 
[74.12012949471077], 
[150.83495857135696], 
[273.2312542242711], 
[167.62904034107197], 
[3.552289795177823], 
[279.732750881677], 
[112.97994508304461], 
[84.22287184732916], 
[98.43201419715098], 
[25.717415751839088], 
[267.4289405810992], 
[303.38683479906365], 
[316.65862172811], 
[47.96566497351973], 
[340.857082830858], 
[26.822838151239544], 
[245.88954611518028], 
[277.84827131790183], 
[235.0850170435325], 
[108.29536010815613], 
[39.264474238589955], 
[261.5734822130408], 
[36.98429329094341], 
[213.97529883916798], 
[97.64472491538488], 
[326.9894557479867], 
[108.51431291888444], 
[283.6047042879715], 
[96.49651599124762], 
[265.144993727726], 
[42.59155918366881], 
[326.85142505038436], 
[214.33585388142606], 
[165.68455986154666], 
[348.75948621802803], 
[104.57400920394429], 
[172.1918536273624], 
[97.38006441719601], 
[127.04183211606511], 
[323.8190364730082], 
[139.8342948505956], 
[281.0784165774137], 
[56.52584959612666], 
[338.22424566895967], 
[24.550343537790972], 
[22.070563955470305], 
[127.13620225605112], 
[272.1028794513508], 
[12.044449718939218], 
[312.36409736273765], 
[198.72421366365063], 
[96.83565082857093], 
[276.57441316068923], 
[0.5681685263270175], 
[281.0114456143188], 
[282.2988955115186], 
[238.7257184939946], 
[318.0761378921949], 
[311.0902766997582], 
[343.90852064425917], 
[64.26533289046746], 
[144.9576473163362], 
[322.0985832426594], 
[347.46125157435796], 
[266.305169122039], 
[337.4486746678205], 
[167.34947737932123], 
[219.30615355424996], 
[175.5445001518386], 
[41.15452271656525], 
[228.61116310046964], 
[338.48086691499805], 
[79.64969320877272], 
[140.05727761486588], 
[355.39602998251354], 
[160.29868908832236], 
[242.86862039900961], 
[321.1458282281031], 
[214.03220198783688], 
[137.47420009144494], 
[240.76635335603515], 
[67.96324355251264], 
[110.95481461722115], 
[325.22652218113626], 
[242.5074672932822], 
[233.59257675487277], 
[154.068281038013], 
[340.9010711346195], 
[324.3997740175417], 
[4.579057770782859], 
[209.19497871585187], 
[196.50213083783012], 
[83.45298075528825], 
[172.0129019954823], 
[175.53977776522936], 
[94.13014006521252], 
[18.495144803576917], 
[74.47380738794197], 
[84.76391429017855], 
[289.66905422280365], 
[158.92851120895116], 
[209.76445611328336], 
[262.67580058030455], 
[229.17101283100976], 
[47.4958195658752], 
[288.33727785961406], 
[40.71038942172986], 
[145.2366791174332], 
[63.46682655631966], 
[181.0448842393104], 
[66.2827417147736], 
[167.29152867483486], 
[166.44403995948915], 
[37.32151899611418], 
[56.76564599285918], 
[190.00975152563925], 
[328.5258001709348], 
[97.12914942411042], 
[191.25503860587006], 
[178.23905250526516], 
[203.85367293556007], 
[230.97856626166555], 
[117.4510999789286], 
[24.631172131320014], 
[239.61040985992292], 
[137.06235424954806], 
[207.89702481437368], 
[157.78453817478223], 
[141.32368129863238], 
[163.0131063942153], 
[230.48144826011037], 
[184.0569897043612], 
[7.86983465423248], 
[262.0269534160041], 
[242.52454367613433], 
[215.30810308903253], 
[347.8610531676759], 
[359.0688830900845], 
[195.9320087100841], 
[107.68223430771538], 
[179.13838398335884], 
[312.6030061982604], 
[132.81507969545953], 
[173.14483981872385], 
[296.88194434317467], 
[70.76746817741825], 
[356.63886953236414], 
[265.8364105249455], 
[253.38907023385784], 
[98.14019410631994], 
[303.3752337670928], 
[209.40964000655129], 
[303.85979428816387], 
[130.2182932644041], 
[330.30077920768883], 
[279.3673274294442], 
[17.568481463928986], 
[157.46049672547738], 
[326.9941497134721], 
[286.01975355846866], 
[112.58920995870805], 
[9.218575332851639], 
[13.751403985176509], 
[79.03210429018462], 
[344.7817840488326], 
[0.11011964364683102], 
[227.05180137247635], 
[53.633898644834225], 
[128.0342199413717], 
[337.3619481146225], 
[39.87077967452734], 
[81.4140314174251], 
[302.7965361693036], 
[87.379495020617], 
[306.550777226648], 
[295.22656771668585], 
[23.72990502768625], 
[263.27456951416275], 
[37.604619540695225], 
[48.08402590148966], 
[104.83416605760652], 
[222.31012841524642], 
[59.24035647411163], 
[220.01637456697324], 
[341.70583333957893], 
[13.197358664295587], 
[335.5603345626065], 
[344.7255681781394], 
[85.61770740049779], 
[67.90698636144434], 
[48.30160204507528], 
[129.4671439683918], 
[192.9003570977395], 
[11.133205298169498], 
[239.64844663281292], 
[46.94163655031004], 
[15.644718233382578], 
[42.775200991159366], 
[288.0623046972677], 
[347.0805164980019], 
[96.03426620211414], 
[254.77788817299927], 
[145.23814098908636], 
[109.46261411262815], 
[276.6539837715594], 
[213.39986934370043], 
[274.2103669015407], 
[353.6987727624878], 
[2.9127832968609457], 
[131.45341380025337], 
[74.29576451866636], 
[105.4738112723038], 
[31.25484636436075], 
[292.28760832462456], 
[137.9745330706318], 
[0.03672205388316029], 
[288.1244303576726], 
[28.262530993387877], 
[277.974975993033], 
[172.7813181385386], 
[209.68790517516035], 
[341.1887582885043], 
[329.74117554172176], 
[78.16127650113785], 
[251.1056575964849], 
[60.68322100067822], 
[275.12727172543595], 
[93.53504186855943], 
[146.68573833621522], 
[68.61882915358352], 
[207.57577732709132], 
[343.6375745228158], 
[288.5399658871529], 
[333.821883865532], 
[347.2017026796226], 
[124.22758691602643], 
[191.40256988931722], 
[100.8980525183347], 
[316.1180436668584], 
[10.060347065942862], 
[305.06020697701985], 
[40.54388935359203], 
[240.0025199330408], 
[2.6877984012089224], 
[23.381461841579476], 
[55.92775438733321], 
[271.3192592582192], 
[67.68928046572384], 
[340.2229026585301], 
[350.70043571236056], 
[352.7734277302994], 
[208.78763459530535], 
[137.5278758632694], 
[218.9222644549651], 
[96.49065958042556], 
[27.90714719520959], 
[119.72324302592891], 
[295.67024780999566], 
[345.0772963651502], 
[285.58122897143545], 
[11.058353936183343], 
[29.315154338445346], 
[345.13161826234307], 
[145.21942883533467], 
[88.81960230899305], 
[142.43504987238222], 
[261.9400007157283], 
[277.5947729459632], 
[235.3929988647239], 
[358.05856630621685], 
[36.006378678687206], 
[98.51418375894173], 
[95.93621899778894], 
[201.4073845982638], 
[7.727180344926655], 
[272.986055622799], 
[145.96061929316195], 
[84.53432028705488], 
[155.9380271156304], 
[323.30094018560453], 
[264.4129189835374], 
[22.22973264700265], 
[289.22268086795606], 
[326.29241772816215], 
[212.8851423571844], 
[252.29563312559117], 
[55.788545662447596], 
[36.647359054237334], 
[40.37050965411932], 
[141.7634747744521], 
[318.37736789281536], 
[248.48574415394035], 
[185.52219348192602], 
[12.858070814357202], 
[75.09361266559316], 
[126.53231594206065], 
[134.66065124965752], 
[358.4866372004662], 
[255.1971402909487], 
[281.0534212762948], 
[273.81450814539323], 
[336.7586937318833], 
[60.82097012641373], 
[87.33436910026083], 
[286.86898630262306], 
[117.51896516573858], 
[261.23879387067905], 
[160.8238968786931], 
[139.43487931822122], 
[241.10189491754898], 
[95.72106611202585], 
[233.17409922016205], 
[269.340191310823], 
[200.4933054946303], 
[4.182634630337901], 
[292.2555784091793], 
[279.6855655729466], 
[252.81087263725755], 
[121.73871914091862], 
[350.8292906824577], 
[119.19380388736211], 
[324.49188335481523], 
[23.95041487961949], 
[193.90793538882772], 
[37.12268923014962], 
[196.80341161421535], 
[273.95458503245413], 
[83.94158206039776], 
[356.2994761248898], 
[304.26621531379885], 
[340.8374940882889], 
[275.813415637367], 
[237.87453075918708], 
[88.31071301321444], 
[230.5251490419448], 
[310.23340274356485], 
[155.18047254950824], 
[281.9595469727585], 
[56.127843348324284], 
[134.46901699304033], 
[191.62245533096257], 
[38.55806825210285], 
[270.0], 
[90.0], 
[0.0], 
[180.0], 
[0.0]])
