([[-0.8374034537602953, 0.22057748150886805], 
[1.5416668006443857, 1.2954057476668501], 
[0.7734898243348103, -0.8299308503943198], 
[-0.9185388152766955, 0.5657912825798742], 
[-0.6833824396033285, 0.7232763633545236], 
[-4.706673667412978, 2.7556834913512716], 
[1.509343702485482, -0.028375694600338924], 
[1.4311899145832374, 0.8816328812368024], 
[0.225149758555561, 1.5201674797885398], 
[0.024492597290729338, 0.031242431264918876], 
[2.405514873387656, -1.6558178407465902], 
[1.9027914422964864, -0.14232932371831572], 
[0.19265714333223047, -0.2640636423508574], 
[1.3211278591260818, -0.3532023173023009], 
[-0.48523738242632003, 2.3479116726350844], 
[-0.7919063051182479, 5.280526479001733], 
[-0.7215471559282006, 0.3852815338992851], 
[-1.9983753658060954, 2.4623771420334073], 
[0.27030014259642476, 1.2249211981128119], 
[0.47814446373985664, 0.3089359344039091], 
[-0.5241641493561279, 0.8094031478508156], 
[2.256889873046419, 0.9936769540453052], 
[-0.21594260332533957, -0.47652107805561683], 
[0.010051552925748827, -0.012372216451222344], 
[-2.9696410140266627, -3.486208031552933], 
[-1.8990862473211032, 0.5811025705065899], 
[-2.526388972090819, -2.7814587979953473], 
[-0.36838421353449313, 0.5852426152466306], 
[-1.7900143001064357, 1.459902586685404], 
[4.513976689167212, 1.7771091358927735], 
[0.27460827205458405, 0.2941941590942582], 
[-0.21632210968432614, 0.42476997992752397], 
[-0.46148266146520284, 3.2186831550747685], 
[0.062424503371678895, -0.18894553528846206], 
[0.8147420168131537, 4.031184170283573], 
[-0.1815612333989529, -0.3674228837615054], 
[-0.48112982936787974, -2.4077738091946843], 
[-2.9197547355283833, -0.4988543302467922], 
[-0.32118882414279176, -0.1900124475543205], 
[-0.19992291985894403, 0.05053593291883997], 
[-0.6858906611821299, 0.1821620920399488], 
[0.13443905873575196, 1.8265525128695892], 
[1.5487021761308801, -2.594216676311941], 
[2.017073704030871, -1.5004123454897773], 
[1.1952627379730374, 0.814552159546383], 
[-1.6200564841503868, 1.5949095100869826], 
[2.199911173561243, 3.192504037602106], 
[1.4583006645035244, -0.9470862136182905], 
[1.4625630775861695, 3.7659936680575217], 
[-0.12912697056824585, 0.3890127229625841], 
[-0.18452146240010697, 0.08913334395298944], 
[4.551504836830557, 1.8227792149199817], 
[0.6275342667400315, -0.6982947715038845], 
[-0.41104438799688386, 3.6818763579005673], 
[-1.9993665677841534, 0.4242601346076665], 
[0.21072778391944313, -0.21400530026721878], 
[0.40145488777944804, 2.9453921161011145], 
[0.9329200463773103, -0.3038084937221201], 
[0.05324229479057145, -0.5426636375567198], 
[-0.7333721104914345, -0.051390527051184846], 
[2.684369579757877, 1.0469530281497181], 
[0.7862755221768373, -1.4469195444221603], 
[-2.9233359744838, 1.6190659521993973], 
[1.4161914506330149, 0.8796532585746469], 
[1.0200381588891738, 0.5535440868018203], 
[-0.8661069177596532, -0.39893792268125383], 
[1.8881808194020304, 2.8641239076024783], 
[3.8611514025196505, -0.04508632485900388], 
[0.12075374807465576, -1.4612578780486036], 
[1.1476182566122033, -2.4809940355634788], 
[1.1419800073747783, 2.2061498776962374], 
[0.16497476890467455, -0.16234143018695818], 
[3.813214132934228, 4.585967920229752], 
[0.41760950852968, -3.5552257264040916], 
[-0.16002722224988025, 0.12666521037410558], 
[0.15065900247044325, 0.09798043778818465], 
[0.14885978152332155, 1.2207985378186643], 
[0.8726107211910058, 1.1054307392474028], 
[3.618801936318991, 0.877998747030206], 
[0.21852416821648385, -0.11883159104617981], 
[0.03184907383393631, -0.09367994134271684], 
[-0.24401364554189597, 1.0763296602394445], 
[2.0094834886862434, -1.2561889730130535], 
[1.4712703921512058, -1.2958574698085135], 
[2.4405881950315362, -2.170799019176924], 
[-1.9499806172759946, 1.5434561826510451], 
[-0.5369071753916553, -0.4249170059816983], 
[1.659736363883084, 0.92236832563702], 
[2.1089997640180194, 1.489552164950366], 
[1.9570248577350056, 0.057283641081284205], 
[3.147165485480288, -1.1909840362152027], 
[-0.06710039029818195, -0.20148484828201407], 
[1.1509121668176758, 2.217751882403824], 
[-0.025418735282839843, 0.07343059516934147], 
[-0.053331900407915724, 0.18655020569011113], 
[-0.4526890035009871, 0.6022729847911255], 
[1.5227956735046828, 3.936119107803686], 
[2.6410054031150283, -1.955200647799736], 
[0.988661332237984, 1.344166832755576], 
[-0.12621032366387525, 1.5877376928053166], 
[3.2513108874181147, -0.5128411481054875], 
[-1.0130749720359287, 3.148548515461603], 
[0.27126898307930103, 0.3062219358343986], 
[0.5027191765213368, -0.9744450869007446], 
[0.3771073939987176, -1.3586359243171122], 
[-1.958535853407392, 1.2033828459662756], 
[1.3001457219412664, -0.0372659760275637], 
[-0.5293795037994964, -0.35872457773012045], 
[1.0798516369833833, -0.19722232627412328], 
[3.0875182313894047, 0.939375034450242], 
[-3.56569383499358, 0.5011959355475207], 
[0.5728665997182565, 4.630320594483459], 
[-0.7484682978135294, 1.9672605053919983], 
[-1.8938027784063691, -1.0759618131787445], 
[2.3046302848435594, -2.595736010914], 
[-1.7308677053911827, -0.6105542632457627], 
[1.0131322366051327, 3.726471143936648], 
[-0.3538118848217953, -0.47384533844788584], 
[0.03963677097288308, -0.008787619108833578], 
[-0.14761700616928308, 0.07712637919485767], 
[-0.3448461520100141, 1.6888880879290022], 
[2.328764500121231, -1.2263289615503044], 
[-1.8335820181188829, -3.719264289337505], 
[0.29631633878973435, -1.3286571288766638], 
[0.18429454106062665, -2.229406421220118], 
[0.49590840933895036, -0.3068654847656189], 
[0.4709296634528138, -0.30061270130757517], 
[0.8163951158218361, -0.5046663931305021], 
[-1.5959231384676258, 0.30513108188897836], 
[0.9483553880254484, -1.0464577188485646], 
[-1.4293637080244845, 0.030260051504807806], 
[-1.2871952857613516, -0.2548965663636652], 
[0.15151888249404924, 1.0127142216093112], 
[0.06901524632649536, -0.09373970445321006], 
[1.5535016262673134, -0.41744076867240915], 
[-0.06378073094002958, 0.9171673372378498], 
[-0.25743385656034323, -0.1479360296842127], 
[-0.00843216294224099, 0.028687653668825967], 
[-2.900175686931196, 1.8444378029469983], 
[-0.19525731811043495, -0.046165019828927144], 
[-4.475123120493146, 2.3664062456499755], 
[-1.0352272195746157, 2.4394780562819367], 
[-1.167767080360334, -2.1635448315351433], 
[0.446173316292243, -0.045697947430882215], 
[-0.6124396651873957, -0.15627355228705683], 
[-3.4718189586126686, 1.4250851492060008], 
[-0.49168344217843746, -0.6844221572098752], 
[4.144436981374488, 0.3171406899002277], 
[-2.199403286749484, -1.1798048147776539], 
[-1.461717538920781, 0.8578780760500645], 
[-0.09040079474330542, 0.07412561515360469], 
[-0.010486893595841451, 0.162761636492864], 
[0.07783561585983897, -0.38327390660526206], 
[0.047631771237073316, 0.11246392133519913], 
[-0.10868592246955285, -3.0242795377995186], 
[-1.2790378900808537, 1.1860000653262992], 
[2.079653274057772, -2.269523960225624], 
[0.931856112116835, 1.866472301724684], 
[-0.8198327242565956, -0.16402222588021426], 
[-1.2879068034268095, -0.7632762773269377], 
[5.426019741886172, -0.908701744304026], 
[-1.1380231292982734, -0.8109135892443244], 
[1.2617119257155545, 2.1096045798040826], 
[-0.9876439360036432, 3.941656904294742], 
[4.255411455974581, 0.8847781449537181], 
[-0.8567171593477771, -0.15238185179236832], 
[1.9577423224719528, 3.6481219036085526], 
[1.4881129892848461, 3.733924287534532], 
[1.2186533779219293, 1.6829863564988918], 
[0.4203678730809138, 0.47514666952618817], 
[0.028250654167835395, -0.3256694298792325], 
[3.4153111965097307, 2.171974424593546], 
[-0.07971283883333809, -0.006159643467247523], 
[-1.7057161931538616, -1.2120622977423479], 
[-2.9799418534350623, -1.4560143230879752], 
[1.0959081517312597, -1.8198063110762728], 
[2.1021440117093046, 2.322506566465367], 
[0.5664327316172414, -0.3842925073309236], 
[0.8071804489461384, -0.1054358129830425], 
[0.014780160490524476, -0.06430254295957481], 
[-0.2547473015234406, 1.1615384886574263], 
[5.304522724630837, -2.3670219304401083], 
[0.07178065263729634, 0.0022253473854933307], 
[-0.5026929325847261, 0.8595862201785971], 
[0.07019150349311762, -0.4433941589898979], 
[0.2049643909077987, -0.040353867279660095], 
[-5.374304550725956, -2.2542897996517737], 
[0.7866691344342436, 0.9676322932708837], 
[-2.5437590128783256, 3.5956138559562656], 
[0.30950763818642146, 0.14031231579092573], 
[3.2714994052389996, 0.31000943106431134], 
[2.379091139198445, -2.4506332687972465], 
[-0.40826435871838745, 0.5093726002314682], 
[-0.46697789128574074, 0.09514070153928712], 
[-0.6542607923758746, 0.9147206888963726], 
[-1.6349183137180718, 0.557443610058585], 
[-2.9886083873285685, -0.9024807893070258], 
[-0.061605526663529184, -0.048082595453264564], 
[3.962369026690536, 0.05556593974971693], 
[1.1136480242933515, 0.13828541242468267], 
[1.6321855185995102, 4.9867668347000835], 
[0.45080297827956, 0.47169414447464353], 
[-0.23825427624735201, 0.7024131307219478], 
[0.15533288072998366, 0.23464993438368606], 
[0.19611344565930372, 0.3590750514119425], 
[-8.570090561012618E-4, -0.0039883885489230934], 
[-0.08660107872256143, -2.389785284094028], 
[3.324303927098147, -0.31890633492610976], 
[-0.8648601921646337, 2.6474548436754555], 
[-2.109048472841094, 1.1500622923807495], 
[0.6984489930565806, -0.8131654358415296], 
[-1.2835571072367435, 1.5678633975660066], 
[-0.06476436651882045, -0.01188307586953366], 
[-0.6092064664665321, -2.592371773447794], 
[0.01862201674269106, 0.5386850638052626], 
[-0.006468844752447006, 3.141403202685561E-4], 
[-2.304989365020956, -1.2229131521076364], 
[-3.502795153128819, 2.3900910470751486], 
[-2.192906530715799, 3.901459559119914], 
[1.34894041676722, -2.5899589946522266], 
[-2.2633934376380496, 0.9549027925082277], 
[1.3691188399997813, 1.2560083049305275], 
[0.04000039764932066, 0.00819273504124716], 
[-1.1318728148283645, 1.3114645398948266], 
[3.8376418992157877, 0.5681602561383764], 
[2.886867700442536, 1.0689915773623255], 
[0.1967959181954721, -0.5875524328216234], 
[0.07397707535638551, 0.050207512618437165], 
[-1.0118579608545715, 3.01572851415457], 
[-2.501930017757845, 2.4591561811475984], 
[0.09385992808111952, -0.33756435167600074], 
[-0.7508488890919314, -1.0957489795760393], 
[0.9969028898411837, -1.640283647884031], 
[-1.7305230592723155, -1.2478071029869227], 
[0.20520832744483714, -0.15710511957775933], 
[0.7158124781217217, -1.842083157082974], 
[-0.001794900232813299, 0.027394297087699686], 
[0.02804874859358373, 0.030254930684411815], 
[0.0796626024585068, -0.01956932599359996], 
[3.419966732224042, -1.1189830346754808], 
[-1.7205275136932427, 2.1626805851420183], 
[3.2643843476030225, 3.7021698649921584], 
[-1.0775069191960782, 2.7437831550018252], 
[-0.25262736999015006, 0.7930409318184917], 
[-3.7149011498487288, -1.1584298235997181], 
[-0.29321214998386735, -1.3646141974145578], 
[-0.1979761298207535, -0.27361994084467584], 
[0.09649033451848733, 0.1423212055168199], 
[-0.5307721443543622, 0.6696319015248589], 
[-0.5486997415938958, -0.41068224292122135], 
[1.0397913849000617, -0.6699512761472631], 
[0.9630462606186815, 0.8626146421906024], 
[0.5127463017378467, 0.1551461048264491], 
[-0.06755510988143366, 0.345904547080213], 
[0.3528982529244885, 0.11131252081322061], 
[0.32533359567523523, -0.2621022259150316], 
[0.28742121203781873, 0.033616373211703424], 
[1.4606433336247264, -1.9024125612531348], 
[1.3521841935237715, -1.0038952436194775], 
[1.9099800818425472, -0.044873845763279394], 
[-1.270040512791792, -4.2299125356666485], 
[-1.6894460958675557, -5.15674541797429], 
[0.11954870436171199, 0.21164662421463112], 
[-0.9331468970909268, 1.533361799208735], 
[-2.016601493969785, -2.9875281300280943], 
[-1.0363992416341627, 0.9165870492559449], 
[-0.30757757926931467, 0.9022523350062756], 
[-0.087721553763882, 0.01354651333700811], 
[-0.06258322452146346, 1.0585927155573256], 
[0.890047238660973, 2.175923658730841], 
[-1.6784810833293888, -0.7073496821141096], 
[1.1899601110535534, 0.9487679231760711], 
[1.7483680951921738, -0.05588568490035712], 
[5.436822064385202, -0.2723902170405151], 
[0.24843001144892854, -2.049648372574189], 
[0.9541064756636204, 1.0462591875981415], 
[-0.321850708650803, 0.04176403089005588], 
[-0.02989879046556687, 0.19639617132355178], 
[-1.5380080969839809, 1.0069964629996773], 
[-3.1920878328387476, -0.7603357286943393], 
[-0.7570340436801176, -0.4899821842428922], 
[-0.08864065695019974, 0.0538206285185227], 
[-0.8939952967176691, 0.2834441496042877], 
[0.0906303244170646, 0.17519313220480298], 
[1.7473155587119915, -3.291726339250364], 
[-1.816557072004432, -0.4673020817264615], 
[0.5153078262987563, 0.17450761628935915], 
[-4.776415528521146, 1.6555330664408299], 
[-0.4097351557904668, -0.9543503856503873], 
[-0.46029437091589337, -2.081818550835253], 
[-2.198750229376902, 0.5288323618211654], 
[0.14270206973011848, -0.20707349400141342], 
[-0.1852692399290636, 1.1327103213562841], 
[-1.0505039876880506, 3.385347345516004], 
[0.7331666793657535, -0.2550053256940711], 
[0.0066638759878525225, 0.228452441798638], 
[-0.22627200083227503, -0.11274500317814236], 
[2.7569683291502542, -0.3657834459674848], 
[1.577863651624067, 2.9402031038697922], 
[0.8827347341307832, -0.8061427165765227], 
[-0.993898365767054, -2.4709952051676556], 
[0.20907363237498433, 0.15505084810356354], 
[-1.7994068358046866, -0.650475283966935], 
[0.4633983503537651, -0.08440277347618182], 
[-0.5580009704307789, 1.4875138541348831], 
[-1.082775428774437, -0.406950989600811], 
[-2.19256024667112, 3.9664087633547256], 
[0.347614444913774, -0.06407267213596025], 
[0.9160827634297513, -0.11720278036863714], 
[0.017686967757896375, -0.2320696821128343], 
[-1.6303037797540303, -1.8879266977780331], 
[-1.4808518174223053, -1.3213024553690067], 
[-0.7249693938061531, 3.185658062075484], 
[1.5621610382790898, -0.5324317553171484], 
[1.078365530752763, -3.835603168224565], 
[3.301814118449385, -0.8596066115096552], 
[4.246077237327785, -0.8361130489698138], 
[-0.7482742200721855, 5.183877335556455], 
[1.0115238696262219, 0.18545610229407103], 
[0.11785470671281177, -0.22697560771692676], 
[1.683605116687203, 0.6818556632272861], 
[0.18842789496855547, 0.07696176575084826], 
[-1.1965746963907309, 2.041130122312661], 
[-0.02043134296278345, 0.17881239392379303], 
[-0.18423905671244079, -0.2565921615440879], 
[0.08961979615146064, -0.24637782988828194], 
[1.0223552858204639, -2.6261645129910547], 
[0.19213348495204535, -0.317364989197059], 
[-3.7226117298025883, 2.01955698135147], 
[-0.2551539611161422, 0.1298160834394115], 
[0.9086636819354055, -2.4018576506748173], 
[-0.30727978179748633, -4.339043367055615], 
[-0.9132522249240899, 3.031784761418996], 
[-0.2578743998324462, -0.6287928381338359], 
[-0.4737813017753274, 0.1166153892470474], 
[0.004832449239080142, 0.03276536944009998], 
[-3.3834882657424874, -1.3908294171381852], 
[-0.29858212825202834, -0.20884392392327544], 
[-0.23724032609370121, -0.40895267819076603], 
[3.503567855738859, -2.953684013370149], 
[-3.2530638022331084, -2.1611095902950312], 
[0.11908927548566334, 0.01730037013785836], 
[-0.27937477593698684, 0.12850238006255352], 
[2.0281899158468484, -2.722371600907723], 
[0.7139770887098191, -0.339994123895781], 
[0.6388460302920417, -0.9815383833411044], 
[-2.6773412445976836, -1.5904137272926735], 
[-1.4343003748028684, 5.256312818057916], 
[0.21478561290833834, -4.497900703344736], 
[-2.461819648890362, 3.0660110079471226], 
[0.27208990685850404, 0.7230802802483202], 
[0.245490340340331, 0.07306809480209604], 
[1.237458987502741, 0.21146809694569782], 
[2.0523359503186667, -3.3766393412142013], 
[-0.00403780620322172, -0.011019132914633552], 
[-0.01758466624237665, -0.00787115416786103], 
[-0.3313965311041011, 0.7736164482845957], 
[-0.5955066600406093, -0.2636316796156607], 
[-0.7940360696611287, -3.199549408323481], 
[1.6886802235446488, -0.6422910717725377], 
[-0.009225645046272908, 0.056574990289376785], 
[1.1643747687078354, -0.3304098615165607], 
[-0.2700985472645213, -0.5334206039012135], 
[1.1822255254615757, 2.441592127072789], 
[2.7106858513713035, -0.2649139110430831], 
[0.2717630639661261, -0.3581286265777185], 
[0.3593360788608702, -0.17156498621723726], 
[-4.234314775728459, -0.26968333043453535], 
[-0.2643352121167773, -1.91920819081134], 
[-3.7706649572462165, 2.440813905848971], 
[-0.48010945646374764, -4.091422976950011], 
[4.747662268140479, 1.4026498354638643], 
[0.17561623752963787, -0.1863655661360687], 
[-1.4120966495142446, -0.35053911522653747], 
[-0.724505538013037, -1.0098691954456875], 
[-0.423204026888518, -0.6517136569607537], 
[0.24577295957070283, 0.9734672514751556], 
[-0.7557569501739142, 5.0877459390814765], 
[0.37895825817351875, 0.7153193609405132], 
[-0.0368387613451732, -0.06333431823762929], 
[0.9680436125300164, -0.8820275460793461], 
[0.7213767872953396, 0.16579101321453954], 
[3.8551443900569864, -0.9581286857000602], 
[-1.2205692370436703, 0.02155800512059392], 
[1.012899415866465, 3.6549791846326567], 
[0.6804982262990417, 2.6937796685262962], 
[1.1677658873844714, 1.273330738506426], 
[0.12893591280618671, 0.9602885964265006], 
[1.5132382171462182, 1.0705860289978448], 
[0.23170413792326572, 0.5042741026333962], 
[3.784909216276607, 1.2351399355279002], 
[-1.1107895363034164, -0.9429317885320151], 
[-0.874702010838203, -0.2951547218177257], 
[-0.10727801610357683, 0.0929628258179126], 
[-2.915348535310676, -4.647574129678797], 
[0.7530988633761427, -0.27005736602256275], 
[-2.2631174779432897, 0.11017343150551548], 
[0.6314163460456286, -1.2031439751467812], 
[0.11934403114850511, 0.06417317183111931], 
[1.4552320917792163, -0.5426723389966546], 
[-0.006272736234736109, -0.6003005507793217], 
[0.18387954141916252, -0.1380201897949608], 
[0.16691803845954925, 0.6061515141551033], 
[-4.0706350367177, -1.8139819783624058], 
[0.05088136856255068, 0.522737822442267], 
[-1.147097052719142, 1.4974931702100451], 
[-1.8918346492764007, 0.49973579148602637], 
[-0.2676861923324965, -0.2543019489815027], 
[-0.5223028662629428, 0.07225680400903021], 
[-0.06403949573379975, -0.4910444101336609], 
[0.046079150901011855, 0.4157705170794561], 
[0.2529741477447335, -0.626419638396719], 
[-0.0033871292792684166, 1.9859140319943477E-4], 
[-2.8103113721103843, -0.38875849514240324], 
[-0.46939719197072644, -1.064076317187035], 
[0.5324494582771427, -0.7086853791022343], 
[-0.3160587920957263, -0.29157272402124584], 
[1.749586537199457, 0.3623778124375825], 
[-2.311838964101276, 0.4443390711190941], 
[0.8493410488555142, 1.594217603420675], 
[-1.231969200765965, 0.6525217116444886], 
[0.3399216330102335, -0.9044691082901204], 
[-3.978733417053284, -2.141916398311844], 
[-0.6757427415002413, -2.625655902724367], 
[2.3857413147317477, -4.025794439155191], 
[-0.06330102368707191, 2.44427654252677], 
[0.6148624213232996, 0.33207047481754015], 
[-0.45897041887496864, 0.7851804163452687], 
[1.0476511535361943, -2.0127270378819615], 
[1.2924048695650383, 1.7282733007333622], 
[-1.3965387425803613, -1.1178104742049635], 
[-1.0187769004294336, 0.6076976418546117], 
[-1.8474612504906223, -0.7854336520467755], 
[-1.9776332024088286, 1.2831379264464036], 
[-0.33430241126340454, -1.0090338340811356], 
[0.0, 6.0], 
[0.0, -6.0], 
[0.0, 0.0], 
[6.0, 0.0], 
[-6.0, 0.0]])
